8890
65458340
13016121
67252941
6731940
152429167
22229
8640344
10198
2670789
2111306
31735
11689289
23585
13452114
111955748
3441397
156922253
15023
18972
63419350
2437766
9423
19310
26287883
34264479
425820
18279
12590598
31350474
63926976
57745474
26212888
22887290
549519
581106
29244
2870107
47248569
60947084
173594354
2202702
195040126
5207645
3835155
5867838
96864649
2818912
2389
33035909
14135
66845797
117650704
33290861
12467322
17760
96076119
86500865
32531
9357829
4091606
2624
15735885
11450662
83968645
3839984
22679
102737179
18628
26841
41231687
11941809
3895876
4077247
147376331
29761
23945
5148949
26208356
6776027
885094
7610873
100970561
4363075
22375
6133916
2245144
13918289
42526254
24035
2526015
115900584
58221328
95040725
90173234
20343
113921507
162096549
512919
802818
21692
32390
7422
10303099
195986
4650683
32046
18633867
91509547
92380350
190576455
11101432
3882
140991102
4758049
3325915
8036
589779
39194469
9169
297054
3142406
60545440
5586336
8286513
18256
9744
19238
89367099
23721403
20871238
417131
12961097
7376
134449084
179133988
21397532
18405315
112977414
10285436
14224334
10939
5727832
4716
98083
25300362
45433728
107665665
8220861
6614
426992
8164
5348483
24753
10010
37745879
13410903
5280713
57061650
10189
8330860
180302633
13240
12203850
18670231
28279
34656756
5136
17622065
31241943
5208416
125961103
183078620
148164468
28696307
1274
17646509
57670733
958493
119516846
6848595
28558576
31276
6178
107247642
18793
2311587
1204022
16289367
129619780
124495829
11818028
77703916
184242357
210863315
21106
16485900
163382289
114531842
2133865
21672
40013634
25075
18277
8203837
13065
24746
145490824
24071
17115350
136748135
128979274
6868872
11017733
120154813
646490
24917
68114963
247671
14216395
15775162
5547869
5896
20166299
84496383
60591
20008
28424
7052798
72813620
57772671
14206765
21384
26382
6096969
41224106
28481
23711
10027158
124067119
7790284
1424900
439
124995080
28239
22506495
30799899
100986420
19040
26066690
47236729
137951858
102284048
108753208
61788801
47684190
94929889
30152607
28631713
14089
136365985
2263490
2580
22231
11295738
981
936429
10399756
68390891
20248
37287040
33330855
85848574
26885226
66435017
58999212
38229876
4264583
13054239
35677527
15545
96880724
6147
16777576
88101657
65363925
22481977
24685897
64491423
194867166
55758774
56642602
80258176
50231210
105467555
55000966
97576953
44347296
212552189
24990
205332648
11864863
98906294
136932219
608539
31211
26130
191766903
2459276
66279617
5161007
165372532
85300823
54292998
22770
13172
7300
1027248
32927164
51471978
20519
15702360
7175638
9081810
12294472
58624467
5822135
225364040
10190218
19775
18837
9179542
21157
21226207
8590
2801939
29966
97133055
62054859
1360910
110620845
49604316
9759567
18184589
136729342
12748989
8852557
17675
20945220
155669586
153911909
31272
19970
79444149
17097
31723667
17697
25238
42972521
221777652
97510874
58820623
28636209
81448178
164134818
1434045
4190
37483066
32092
225864839
855
14776325
131903881
7651
9682
33460198
27954513
24193825
10834
11706389
112718619
13968
32490
15503536
5913931
25752
41397974
19250
77780119
84910626
12301389
9400
32490
7243777
1185190
28264871
21243236
113238092
6914
13387
202555
1553
14184
3730103
16262219
6582670
2534292
17607463
35511332
534855
26803
31543
22024363
1304270
13343
7570845
1009
208747302
3598
649468
74730953
20020004
38443052
136548677
551402
42701856
24098617
11511363
19334740
33053388
658793
2810482
19557837
2907
101752570
9395
4246737
193588839
8746805
22447482
14922733
56819539
2545076
750819
2816361
4737348
6317
68074058
154227328
57228211
62992429
59089440
82167850
30398
10619327
4397775
7458073
3856187
58942936
1796846
217710600
1213274
24098
102372050
126928447
22442705
26679
6927647
773174
9032791
64260077
2865846
18422857
21920
317327
158851913
3375723
31540
7024326
20329299
22234933
23567
4117028
94801347
26791128
15940
34940283
3608916
37487649
19583438
22460922
14863076
16470966
107070954
21408
88288828
145165738
15909
9451
41548120
123456789
2183341
27485
103271649
27839822
112406785
21045324
3782147
10439708
23149097
4564320
1556
112152123
1530511
11708615
19906106
30448
18622887
200495485
6745
10458781
37069312
3495362
31006101
9593
4995190
1114821
75781
24068961
4223
32730
120909474
52851095
24304937
24288
100628776
41724619
44966989
190869037
7411270
320883
431066
24925
8593564
57646442
957181
32648
686201
72850140
29681
12381
4019
17660866
6667155
37867883
129568192
8297
56873208
31385170
30791
9951179
26370
5665831
13206630
31511
44842466
14914
76190918
11756
121590059
2301183
9800
16430
111124376
16537
74307568
10719635
10566709
2972515
3148562
199550655
28217
19885
19983496
16145359
86762516
128799556
16908673
5113512
195170511
22853647
9797069
112328913
4694793
126414194
7267310
14275
90840685
53058330
4306337
7217252
1362342
9843221
8588428
14036
13398
90834275
63187746
11151
31364
187869866
13412559
3724035
588
4363
90776182
18082
21264200
257697
21217
9743
36459098
13785143
4410
8626
150634731
146621380
15210151
6547016
19160711
163891718
16778
2220174
54883947
105678843
2137983
12396
16324
3405276
97853137
201186413
11650087
16351478
7703
32665
8276
20730
14840416
2890906
24856
130952115
205454184
19884697
38885332
123507413
2670505
49423708
12120027
18100271
4901854
23354
1013703
658165
22052644
12781
9355252
9783397
7877
332527
1822313
39263998
117905012
92277636
5583
119382035
12348118
70746905
103500300
5077
36801149
13425291
19012
70443469
10822534
2218321
82832594
393061
18241182
105106719
1813466
1433594
158780012
15277508
9960374
194898312
148555957
23703
12069224
5829164
2494394
25073425
8979
93556958
211667
14869694
18556018
2405030
25728233
758
25228839
208041982
137177398
177991557
21749571
178075827
2468892
4821
2765
21648
196318080
6235
18222758
138664609
142207
8594
24630
32884784
61953270
29190
780150
375083
47356910
4815830
24235646
54844449
6642662
95456437
22740085
3504395
74331641
1727
1595839
27948
307967
116968926
12827
12726100
30984
20349
30835
1888800
16515799
15369
110934291
5647371
29266
1279117
50141362
9542
2057209
29845
2080
168364468
124464506
13602522
8632143
3274316
6781490
52907328
3340630
39947580
22250
42253911
86070241
77187354
2139024
9354566
38064304
20007656
86482141
235573
216902704
3064
6598785
10013208
8542748
10037
18022
3729020
23423
104998782
72840349
2281
301078
21822
17954
28650973
4715453
28960625
84142690
21430
5003235
122677869
15474
14719823
115837255
194463939
142901386
17633116
1476574
17798
85746847
9363
18545
1447
11681783
30681
25232932
58791838
18325
31647109
3811581
2175841
6978477
454810
15526
52322782
60320144
8316
26781231
2759931
81707274
51383417
51324946
20809
76520544
12560
146804424
15163232
62202280
29623
26021
14636338
2120
5683157
930610
5560291
23447
1009226
26468540
97547714
18438459
8642996
25264
38067283
19776670
4177
155956022
25168125
36893885
1739940
23276197
40662722
1948
116733735
116808981
15731133
14708912
70536923
2681738
15595848
4805914
31704
20979
22066
37066409
17416
41870135
40179024
30834888
5365786
92516375
3960523
166710913
32909921
1948257
8397697
45512024
2734
26046
30031
5085680
13198363
18811769
29543
1025
327651
29650196
1717374
208581220
7973841
4386837
1939659
4150077
7313180
89076601
127597197
54612355
5503298
5535
2120947
80285917
51364913
9197592
13173892
13469031
12140356
12706367
2671236
152356612
9756
36027136
6936101
14085572
26096
66950344
30321
58144810
3700680
81085228
2670045
8575386
38078753
9064
12843
15535
20262575
17102
2834976
158447269
21903
75168231
1026737
91491084
4759500
23047260
10395724
10719
1399349
25421
150834
26550890
1280771
119595619
9101839
4907124
3819
9007365
11896205
29169
2452
116867613
2205673
4419
2876943
103236110
29668
8306
130178397
3798
28529112
31790242
56890592
133448170
23817
3256101
194809439
11592144
12770390
124947969
8818350
14400
8567037
85787308
5802681
3468
66382427
3513619
2817238
14868935
6015
24783163
15308
15960078
10238690
225206850
10769859
47656287
73685987
23606803
