1334473
267546
21500
474353
372702
317330
363100
250170
365274
330560
147054
210736
1027677
616114
137460
1333114
466320
20740
574600
1110046
644453
157325
305426
41465
562400
141540
334460
120420
552234
63325
534270
220360
370251
106740
117337
346740
135606
455714
70046
154154
636462
37663
26746
352554
310156
56325
437657
345232
33056
40431
1024533
204670
162704
745000
430257
146773
31202
37524
514560
232610
101230
17472
525135
10174
336440
4141
435642
240006
100300
632321
20140
626304
140140
756437
24120
275012
735022
327040
1132140
467600
1212107
257601
1251220
1205070
251240
1335773
22600
1004772
430364
1074324
112267
326270
1464014
505310
350600
161335
1107460
1054112
377254
111100
373500
253462
112467
662020
337771
227534
714270
1050254
47267
27742
326164
340211
1401040
271523
206461
507404
524334
344674
117623
507734
1562446
211260
100214
1323432
243651
411700
1112033
1033266
1271147
325113
307050
705300
46016
262156
342320
367254
53020
322214
362161
316404
200410
1100700
156760
364
554721
1065156
447760
124
141425
550604
300762
26777
1026122
114015
407225
513540
1140200
454060
112200
556732
400605
213716
35714
157673
301314
24062
211222
71760
250475
101266
643350
144350
41566
74662
1367270
16340
307211
67023
522434
12223
146250
675120
133144
15312
115040
531036
627606
100524
1051700
226173
256300
1327100
557600
11102
176154
76665
504014
354214
24624
43137
66757
346231
120574
151630
253540
301535
521171
607300
646746
274622
442570
1450130
273034
420373
740200
1071610
347030
626400
773164
257200
342307
334255
17714
11340
6721
26531
66660
520536
1425003
123024
14734
656521
1261260
1321270
115670
111524
76710
60475
115633
5360
20023
762175
256674
23160
511720
1421604
633154
43602
203600
21343
13673
377210
246656
1026506
150260
341240
335530
171050
57707
127340
454606
172450
201540
365220
277457
133133
120214
264540
62533
275100
112021
366114
1201646
370065
11341
37560
73247
440740
162230
702610
470640
625142
452471
77740
300266
115200
137514
374050
540140
126150
361320
403572
172443
34066
122763
334334
622220
146300
667460
31120
244662
126172
304304
535240
1342275
202
651671
530002
60644
23320
446036
304140
37670
200335
404114
1232562
262364
431335
142410
10030
410554
117052
126527
553660
211040
503024
257574
1372060
461050
233764
266704
703
1147543
666243
704266
1041620
1256646
456161
440220
70260
670413
642353
1310414
72237
525060
7765
374740
42350
225112
325360
236370
555677
261435
100744
1411672
3552
201773
115137
552322
37070
142511
362210
341067
502700
473603
106140
327424
301737
15040
73400
63076
63212
32723
456636
346546
240614
1543600
672320
43144
414147
130553
200271
420070
246114
660140
1565227
155776
224012
407230
447163
474406
344004
235074
54062
155340
617374
637140
143060
24076
336140
377734
104110
12450
1612740
15364
151140
160724
220362
1466627
257675
3373
363427
410646
752752
45667
173504
566503
1366652
176430
146607
544145
44436
72015
102676
57324
225053
456000
1161120
117327
103760
154242
204073
612706
165360
153500
311022
475335
561230
255636
437635
411767
115552
51664
352052
1330054
752457
505245
1230760
1045512
202020
137525
313406
22176
530442
1127324
35440
116313
1064200
453114
1316557
3606
15053
2700
624446
75556
1274613
1142207
541035
446660
16010
22757
62571
245216
1221440
4265
205703
365574
422766
126522
260667
416344
670500
426016
166100
640332
1013333
241560
755434
542421
301465
76644
20737
631654
257454
472174
7444
4551
277640
261402
12700
113264
31334
2032
410432
171210
211200
316456
142635
142306
17562
3026
546675
13624
154672
324074
43570
540410
617150
421212
271310
116074
120175
365200
460234
561420
761450
756164
5113
557741
402557
312620
14450
636363
51375
1356
102362
54670
1045234
1033362
346100
762510
766540
1044746
75110
651453
434437
360272
203371
250162
4424
662650
472274
1407414
225006
323250
605463
35617
1322145
130540
1373010
324314
470714
1324212
262376
1101766
1315600
233772
300073
202631
14407
365632
70700
254640
473562
1172672
74300
1503126
64760
1440670
231300
51140
314647
251254
1507442
1321120
41016
555400
341220
540160
305230
477312
70700
151113
16456
574752
760427
47674
21123
751564
347250
1415377
23654
235312
125454
163576
227235
114370
1233614
267451
771100
622140
1212745
60011
26024
274100
441356
204360
12174
577612
214211
150635
1161202
367226
271605
11336
734560
237220
313651
242135
1240044
100740
320523
511610
645026
42526
234012
145263
137247
311574
114720
345634
1022074
633736
240350
1044232
1130000
12031
117361
442560
50500
443020
441502
763050
713330
125411
1117220
102256
1140674
101347
406376
506255
1005765
453720
167723
513306
112200
616040
23177
302117
1467735
1350463
1225574
703214
310640
25520
660164
122114
362054
337104
154340
466166
376742
1253136
337176
630751
1276620
202035
504723
35062
223626
13560
564174
655562
670355
112101
345270
3725
247426
267706
1127540
54534
37730
412710
324354
3401
1450700
33176
235032
1523126
666600
263230
135174
45700
165025
507724
146651
1537471
114472
700366
11111
24560
411477
1051322
537064
722055
4120
1052002
501530
363710
152010
660114
6762
241160
655655
115330
50500
554604
366600
1012300
626242
1566310
205304
23213
244610
2404
246072
247654
353160
1021272
253165
202257
62166
213474
113136
377400
62
1043646
446451
73000
102704
250744
334220
127416
522530
10140
1003500
736300
53631
1234516
322606
357143
742564
1305660
17726
421674
242051
10514
117554
237360
655641
715672
4320
774202
36114
365223
102211
116355
713677
37072
26174
1017662
512540
1622735
15062
435326
54470
66022
62700
736320
25642
671044
231400
264010
1012260
322732
676522
1340746
451764
1011360
427636
720040
17674
33006
502604
77306
436604
5656
1302474
610275
25223
416266
145344
1175265
116600
143
1404020
122540
1564
33532
466122
146436
512710
714350
42110
163214
310450
1602465
162006
270526
376704
237207
25304
620714
214174
410340
620113
646240
1656304
1400352
1347450
30564
23022
772517
470100
1447750
351472
741534
1331641
1463660
776413
63357
60246
613560
251266
473416
227022
220476
42104
27072
26776
670750
633230
101030
54263
1004600
722400
570376
551160
41237
2346
1557314
756271
1156347
1252720
362752
7304
121670
266125
17733
714540
351500
102454
254004
223610
407260
464004
267064
240205
4070
705346
517707
110320
303440
1302716
206454
427362
144460
623704
517354
636212
42150
316202
1005642
1271404
272135
42634
544430
456060
757212
53220
51544
211560
2170
222300
624547
351472
102102
636011
251044
427230
7000
601564
761170
416512
222143
422300
1122564
731777
261063
240576
253020
1156724
15252
246423
123350
402100
4673
455747
276150
50653
170250
306732
143220
246034
333754
121370
327354
46750
161665
176335
54132
525010
323642
100460
644700
13255
1515240
1030370
34651
1312
572007
413067
362107
117543
5426
146050
112514
1050344
722364
760654
376230
15205
607
1057354
562202
175435
344560
1117344
113732
36732
223710
162614
426472
212432
2311
215300
773520
73040
606027
14674
30030
464220
1114337
37756
276617
243307
711704
30401
1516620
250776
1004061
15552
577060
612505
731742
132240
351325
1345404
1331660
136642
520177
155703
1204324
1012630
2662
333314
124170
44724
136544
70134
173424
47350
627340
1057242
1124502
101571
235760
43544
246132
146734
1164414
37121
744204
453244
1072240
134046
1211620
43767
521657
515515
125506
1365664
104460
1111035
612300
453772
744362
14577
276240
42021
74174
7437
765270
641614
363451
53613
123530
372466
127006
555620
536353
632173
216416
303505
426767
130264
341715
652212
503427
504444
102606
366400
67177
155540
442206
126040
72100
206241
143334
303141
162162
737242
631723
1077635
37200
1336574
52740
166746
36460
441507
1207010
1141034
652730
303700
156200
167364
342207
56216
403425
513200
610772
147320
321230
133060
322430
157606
200442
425332
14610
34731
42052
624252
222370
362430
60364
350200
631615
12226
50364
2206
300722
1530370
356100
114340
501237
24310
27541
160250
363700
14260
334202
236217
54767
104170
24150
232545
1054570
543245
276617
1233645
362703
1221561
17064
406576
33504
257175
54477
21560
144000
234212
351624
247560
222332
610412
146563
63220
131040
5456
61050
44512
56760
1577
635142
174654
442627
1123214
723450
31226
261006
23144
16401
365062
466667
1600124
50720
647140
1573731
404733
72356
71550
100052
156027
13200
30504
47234
363713
301433
356315
141557
271761
66424
204306
1325352
213606
122562
56361
336734
172236
27610
12040
624120
652660
1157500
60024
101222
416300
1003531
347200
237014
25336
212351
43017
1314354
32270
1216720
167153
1131447
477370
375741
157526
340214
543000
64542
150562
1276114
137764
27410
252442
375210
131720
15053
356774
131423
705315
62310
1053014
63600
32671
1407000
554554
474724
1100077
332500
144122
521140
5423
551604
62014
250572
205362
373547
65410
353745
574270
344300
176240
106020
121060
4142
6716
254370
173650
306360
745040
325303
304160
1101400
1302700
26355
1555356
35026
100030
52260
163142
503670
235540
161516
107000
672020
546117
300140
64314
1331242
1146064
143230
227246
304205
170234
126340
346512
532452
465237
674776
1100306
171123
22636
720240
160654
51252
772360
400416
632420
355640
716352
426420
24276
217722
72004
461024
625124
334016
510146
476406
56460
3560
32200
611754
275520
1544
574
206757
217474
76110
114230
613774
144210
154470
1307574
132220
163031
513774
155660
253676
15573
6063
1233210
1052500
477230
616330
346140
1072
24411
711420
105564
30465
412010
416226
1124330
63123
631011
114063
13154
307056
147150
163411
1546776
1107540
263571
731340
1147320
52465
77124
254604
716577
55156
30071
706710
231561
17713
711436
203100
625440
114546
1226172
1470320
607400
71200
12612
176572
1310050
54420
32200
1207400
147300
211013
100310
123005
421600
512752
215322
213445
35603
4565
243014
30410
633710
157572
516300
144327
211040
175530
6740
127116
360014
436015
1233570
415343
53612
663064
736536
23362
152477
431060
57552
466660
213306
717641
375624
421206
172450
744566
42672
335370
1003220
336
342002
10076
155350
177344
1466301
603512
114160
134410
124071
142372
44474
4040
473712
544456
44755
37452
40225
312001
514050
755713
1072204
1507404
244605
1037655
1023120
133220
213007
231062
67402
13566
150161
537306
33600
606660
602574
107255
322644
1153020
406532
531554
1075100
243136
77137
1034724
1313170
124173
431661
1276623
1062723
101214
274530
250006
305330
242462
1574122
11157
177274
433314
1573237
64460
157366
1024114
121417
1044670
272470
1240662
23562
262471
201677
237316
137030
111200
244040
472300
672546
57014
407364
401522
133171
1122543
5544
302002
1144
36421
327153
624670
1133400
60200
135244
66350
557722
306460
75305
233536
760320
1150464
6262
313775
160202
435550
165746
157741
141351
755403
232177
626440
136637
30626
607064
17236
201401
104320
727000
227307
113360
57617
1164364
146474
105074
156020
1435530
223550
62101
735774
1225560
247613
152444
405215
325154
221510
621351
120450
601764
567622
1614770
20774
164260
1104636
54746
76717
665524
305000
773531
60260
26760
246200
124043
623720
254020
60617
65671
711551
73016
440776
577033
412764
1205622
1023236
4761
20670
572504
70010
274573
1527051
640444
1226254
126410
626654
607540
615135
36034
275374
176576
1264636
104522
1170041
51673
1006105
540104
46263
71600
351746
10631
1003670
646575
27206
510
351104
447174
314176
475112
42521
436742
653024
124240
370047
425372
114030
1574210
1207700
145740
35660
256606
175224
57020
30502
151230
1042030
1015443
715464
67310
621404
522624
460304
211010
31004
13531
4360
273772
146350
52253
72340
174312
223160
1077453
1346304
551460
114200
425210
1045754
245201
6550
350510
470000
340437
121451
253000
136140
53100
606234
420134
110246
113146
110137
1433132
1143623
126034
174425
122462
610672
1143700
237540
223434
145307
211312
33514
236024
143250
166546
75623
154124
32646
1555154
164750
443520
67604
230552
231167
1043210
333426
613134
240160
1276176
177740
706437
547122
1070174
34364
26532
315226
45661
30614
44666
20301
154416
27460
123321
260571
1431434
1024742
610260
661652
123770
1125750
575644
1005234
224045
51116
731365
104360
24442
440645
300526
4476
104257
167266
16566
224774
324620
33033
542762
1221234
1054767
15160
473264
37050
316356
1015613
157762
301730
521364
441615
13402
166134
712255
12470
221456
25705
25666
1710434
346670
51262
247040
514500
303432
761127
1347100
332500
235400
1046045
37117
602560
331626
764621
35446
243570
1552551
45430
47170
241160
432500
172564
265072
4752
1734
4664
242640
412734
101610
30230
1231707
262276
14462
263106
231042
114246
360433
672760
600470
1111420
65161
3620
34004
216425
1324400
650700
21214
12315
310126
55043
351066
341776
31576
403610
531140
471015
15230
167430
2024
401354
1105142
56675
451416
407720
37202
1035200
64350
574377
241767
532666
13351
4034
720072
1071200
7062
733654
445536
734403
526400
702634
103470
533700
200720
170143
30057
226050
1033214
104340
307026
20250
742726
104256
702151
133303
113550
1547047
153076
320012
502524
42400
106340
102660
63224
252550
213110
44060
1444024
121334
1023172
254760
367564
437116
1035774
1100630
200174
267724
77677
730117
24260
323764
354727
216253
1123604
215440
216431
157710
150134
1262200
237376
46324
1033467
321313
6250
235340
51760
510620
1300354
237266
422574
1014331
553
72102
216272
51555
547204
1227600
742644
3723
247340
257675
34706
165140
1375660
15404
56020
102410
6274
774114
453040
162556
146012
1047350
17237
325412
311264
67163
34703
55670
50224
301463
357670
333016
112446
716000
347720
513174
141337
261572
331155
770014
507751
401610
636617
371306
340332
1524424
574154
427331
257610
327120
11016
52760
44414
544610
427735
240240
406642
621406
157724
20471
170451
350634
224775
447024
1317646
50200
1055006
66705
76741
140165
275272
1042743
212665
1233765
376013
272220
434400
100742
1165430
414723
520320
576114
342524
1342177
361464
114712
215206
405104
621544
435140
63021
2354
102506
54574
1445320
1507325
655156
44121
1006640
114602
617253
440344
71176
35704
144600
207620
357742
631400
1122012
345006
215124
1150471
765255
44050
574
471752
1073122
37666
1122740
547753
7570
62420
170515
13614
54334
1200102
366154
400764
776667
73713
103217
477143
431464
707630
162460
202730
33534
1446724
357414
62436
537314
13200
1410060
551400
1120260
33573
352052
707776
254020
705740
1023160
34260
202240
701672
1127340
104244
173300
23235
604750
137005
1434135
215236
236
273630
564157
466620
702120
170454
60016
333410
223360
41016
46251
412743
21254
1307310
157465
125255
311700
256242
743612
1130616
1323440
2342
31554
305510
57772
67102
171654
44000
436534
700152
1130176
33020
1046132
123446
76760
143634
23315
445320
46605
62700
312674
361700
67733
1065032
457600
633200
670726
662244
1056674
375047
106722
6724
614550
110652
117436
74506
226104
772220
557443
57070
157733
1276516
223750
45320
133366
124052
376401
102762
425626
76224
511340
322300
46000
176231
246672
35004
204431
132143
165154
523040
53030
175555
244224
5441
302745
134100
250030
757
617762
40037
271362
474221
245064
651252
565472
35567
1021425
51445
516154
243700
1015700
567642
23102
1465255
333036
1167304
30000
32600
36703
420354
1464072
562104
102366
325052
156314
1221044
170650
77177
65415
23230
1036450
764744
722304
7221
106240
474163
64107
120137
537355
273662
1272610
156043
16134
10550
301404
1070275
272756
234211
53035
1652277
211227
34767
337573
1425243
1167510
72004
17067
1225334
265504
7425
102377
22016
523044
14054
376560
233662
70457
24170
33316
73122
56034
37632
347463
343570
257034
446424
24224
34000
222206
75700
465634
142417
356200
330560
434114
303724
755227
27032
333060
101156
11266
720732
1140617
504606
322100
470614
164351
252120
55303
427062
52457
52640
6060
1027740
447612
522260
23001
263776
22650
626100
251700
160710
263235
61741
3530
1024616
754651
31126
60530
6665
40424
42464
164700
664420
404756
25300
762303
1442604
77066
73230
707524
34054
433130
6551
137544
1376736
64753
545644
431727
212740
172673
216444
46541
111761
313042
511274
736616
416550
301744
522524
170762
434020
443000
577307
362554
1134224
504603
336610
145310
1146534
104216
106760
254075
210560
351456
356160
264322
220400
20710
162471
551534
112200
165234
176610
1474636
5370
461714
1176220
42744
121144
63456
30770
262357
425502
337737
251434
544260
1131524
102553
435540
74160
1047134
462565
570500
7246
1644330
202056
127176
126615
110777
54716
301031
515320
70156
1075422
126753
173741
1200404
160700
424666
723406
174160
33714
224742
1203143
621016
253440
1215462
35310
204254
1243210
125070
411334
215740
310764
1071250
717274
622374
1243036
71114
426370
110676
412330
333014
114620
315214
1416441
141526
450402
62360
232754
673700
20104
325326
306044
320020
20741
1175700
162432
174711
240144
746604
444075
35070
542716
1660762
552726
1135430
12264
665712
1020074
33440
40621
751624
505452
307100
172430
325201
755643
50160
15010
125076
1206630
1466457
305472
15555
322043
211122
156070
217064
104612
204044
30770
307430
511163
227604
245313
201146
542030
34152
133000
20036
315014
75020
4211
274640
1277230
152717
36710
244002
456036
141400
214460
605340
200326
60410
3742
614413
104566
276360
122102
241313
1153460
37200
373474
261647
63014
1107540
1053002
565136
66374
327170
620411
170204
604004
701610
521562
221422
232122
572410
15537
100443
1020
214764
1334344
177111
1115344
432057
4160
1266300
20174
712314
460400
17530
77120
651252
36544
230117
100604
132320
61450
272674
122220
1472251
337716
743073
417637
154063
501656
131305
370604
1137640
1272621
21475
626551
170745
1165450
457410
1003644
1114232
514644
360266
154710
343230
364200
432136
660270
225456
113130
343156
301276
246034
421100
230443
155276
1430754
774226
245601
440207
173025
1101765
1474512
420456
577500
275564
11324
350474
1270617
144320
227524
122
772527
25146
301554
575277
1174060
267115
671100
151512
52376
314724
160552
114072
176106
55372
1350622
4704
1015716
422177
322322
63272
120745
4500
544470
1620140
76206
105360
151327
127600
706026
663733
46232
147350
361461
141474
1220354
673321
363562
665552
1532505
137435
762154
474502
451202
127020
664522
6127
641124
253652
130755
224607
211511
374624
723450
50565
22752
173314
1447230
16767
642600
153426
1317133
635472
407300
70077
1412460
1610
614060
15500
74100
272164
31230
725012
422140
1272665
465116
423050
76631
343546
1261473
545352
734630
56712
26670
1303111
405264
546564
216513
464632
125664
423502
417040
676263
173732
160422
166725
6012
33654
743424
511343
171154
106215
267174
51121
263744
1511530
323350
221720
357260
277104
15456
43776
646332
1263060
1070565
255440
241770
30654
61151
1306674
466212
223413
201270
737140
1334170
27264
53020
253255
345730
167500
202233
37700
1414476
170550
5757
37777
121376
146572
565056
117014
241576
52604
216273
163326
563654
24707
351376
215145
374660
1107364
1127616
164276
113630
603444
146746
111420
50467
271704
1430226
326442
205276
257026
50470
1302170
211277
1364
125050
433270
144404
1624700
331224
1070634
304150
1032031
43144
353612
121510
130216
334544
1242652
46053
211426
122011
121746
1312220
57544
653520
100076
614210
167630
261760
103240
70376
234154
12605
217640
47704
262652
7240
55704
1067014
271176
70545
402071
164426
265474
723310
574471
551452
3634
336234
453006
446630
134640
72150
5272
470354
77652
312161
711505
472344
1272206
1157760
1236520
400147
354072
460551
155660
1337216
136502
60112
2255
312360
403333
1602306
257214
170740
1510
1050300
646044
600641
216667
340164
160244
71400
25644
1555430
261600
51616
65600
430610
204560
520300
175124
511164
473606
656160
316524
157630
152050
723540
171050
30716
11660
511456
437034
7000
220671
636212
426522
1345762
50264
523730
127254
1632424
306231
5554
1154733
1131536
344600
575006
25550
673160
667005
1007170
172440
143600
651420
543752
316612
257327
55600
137431
616422
131040
23020
236674
163206
463260
430012
114100
503420
601436
1271616
675113
527626
144025
156574
50072
314765
466120
503364
41660
520215
3222
1301000
450562
600052
727500
555365
52551
340224
1300370
470770
726407
213412
31410
654164
372130
4421
347536
4172
65334
720423
55467
153020
221740
33372
1013122
250360
243650
470575
255562
12371
143230
614464
577144
125120
1104442
1023640
300261
172656
431715
531560
436116
143110
1171720
470040
761320
143204
625405
267702
161640
743561
710116
17660
1076240
114422
750750
231776
713636
362275
200751
337340
1254630
1363051
72136
167101
107
201124
625337
470352
1206357
1571214
651156
275144
10426
62002
274474
323166
3040
641165
206060
422364
633637
101715
612676
302124
1105630
771240
743140
1201560
644124
417222
542036
237306
634546
766755
652511
142211
34662
472043
173550
55567
474454
736540
425722
147331
14317
1051014
1004
147566
313206
242501
5510
62445
44740
74376
100326
5663
574567
1133357
534261
1314345
71132
125210
272363
260553
1204500
34650
76512
133734
126750
115772
320034
162504
122120
21700
256773
1431155
67056
231352
35070
114531
55675
7502
321260
11746
155166
44374
1074450
115176
270300
560055
725343
1470520
354442
43120
107404
264566
143110
11151
176610
1111120
600740
160071
3060
407700
127542
317060
446072
1101474
201200
674121
1570
1301726
555704
573254
157170
725356
176244
34520
1075702
1070
11024
100567
553170
146460
334350
1021615
134710
700152
74310
1136773
724473
212036
120542
111504
665460
416472
722654
206640
217140
1021540
134222
1106703
263160
175330
1035216
1144544
223300
723001
213622
204140
306617
14460
220444
245140
122736
77264
66254
146235
635350
1170624
234140
56334
140700
323414
11716
752447
74031
32022
1241132
114405
470352
21417
112554
41030
101075
632125
33500
505004
103106
167556
107560
333012
154220
247027
1011111
1456023
234344
162371
104522
1233056
111162
10505
371242
103601
1632647
363716
645047
23420
751550
653764
24341
306430
141544
26107
262436
24534
71025
56010
272120
36646
777650
136657
33563
277230
306466
103140
53240
77460
152030
10244
52106
321340
445470
256630
1076052
602313
1354674
536043
11341
235160
33320
374572
1200466
704041
517157
207060
577220
71336
125067
52436
245026
1214772
125046
220770
311502
434433
62500
523570
613756
555156
10040
1372164
104070
217046
24160
1052760
117650
144632
40460
143624
57442
67721
1254702
102041
652666
460544
177010
271740
442164
645747
1424434
356542
11113
33330
517423
52162
740325
466257
1071144
221505
15530
143634
2370
520300
225534
147444
1031071
714140
700300
12454
44520
415326
271233
235235
1411455
533416
24044
32571
21602
706273
771062
1026631
115504
101606
303122
33345
27074
743720
365705
3234
107670
173272
127056
1137664
64670
77176
1427506
333300
335242
221650
277156
366504
330673
106220
17113
5045
4662
641620
27406
2070
6332
223640
1434235
60
42637
10250
166246
120206
52114
314401
45352
652470
207775
1226234
52677
14740
160433
532745
553410
27544
472712
514756
71374
12726
70315
13500
1004476
71006
211064
412516
117400
266304
210622
205007
130414
23620
337422
200270
251401
242157
430477
24
477172
220470
52000
7250
120461
676414
31163
707303
264676
304
1157145
555006
402721
227761
1466716
725210
437244
23711
210400
526044
1023440
50002
1151040
476561
625374
214531
126471
1431561
666036
210347
476003
1033136
702600
223365
200540
672240
611120
616403
313674
76750
116742
715046
774127
202270
1156246
123530
312053
467450
341240
105556
135600
145040
203262
1021100
2541
751220
32733
160546
503050
76621
156464
142340
10010
273357
14314
3721
474144
536275
55060
50534
1226203
34626
305664
547364
173026
51464
251634
657170
55614
44666
440330
151132
101627
734750
305520
614363
676600
1213266
1347577
156550
24364
353342
416322
1434724
753134
447031
263300
564144
1235622
1230460
261677
137674
535454
76263
413642
466216
106154
357634
424041
6344
421306
1065020
125623
656074
140243
513755
257066
1317057
117462
746371
526220
53662
1024024
34700
63402
274754
126456
156036
564144
501710
454240
457100
143710
122257
123340
37700
156671
763476
254334
106340
463607
37001
231110
60440
173030
460440
565756
363640
504000
351630
76544
1272467
1055701
1007102
1265537
41464
125674
3732
335310
121700
667444
174557
115443
556304
620620
311060
27650
266016
15270
421354
1134672
34356
1027514
42273
305560
761412
277750
74226
165260
172002
1172364
74235
567074
375122
242267
264011
74660
735462
320251
266734
30740
267644
451757
1306704
152772
241560
225005
323050
1011010
73065
224607
77044
116752
237404
766534
406614
542542
1070754
7626
733056
42225
775442
123365
21070
4420
77220
177357
764060
1054774
21363
746600
630410
430001
522104
1424364
474350
621130
376627
5670
603532
636015
21373
145310
662730
267000
1153164
1343400
3124
371014
714425
5670
734134
1034303
411730
15324
231743
1116642
576037
173577
413724
557713
32351
1222554
140432
53650
704120
230363
35466
207646
565363
1057020
1071711
277070
345760
371127
71716
347666
540400
511006
165322
25601
563020
25553
1172224
1066116
431130
143507
1005334
1017062
27372
5640
1004320
175430
550601
512025
113342
125575
374402
471450
351315
1303602
322245
371336
225552
573537
105660
635644
417500
2170
310420
635351
163513
203351
162516
403772
637054
111521
414642
171000
1171334
135610
500176
763730
24064
517431
412034
5734
242350
11041
136177
152040
175114
347210
1167762
107420
737772
304042
1262127
24320
103532
417276
246144
6743
117665
353222
711700
1640550
11374
3410
414447
342724
143054
35360
717610
220336
122040
112404
262200
453500
16343
121306
243314
151204
1176
244164
356765
241420
24134
114301
611414
10736
1076722
467674
46220
127333
242526
6013
127534
267600
62704
702562
261130
54110
1006662
71102
345260
677170
1520234
533061
314412
674601
364372
1040072
354072
377450
1051300
357040
1357540
1156420
432650
105140
460064
1117423
667120
414525
654420
1371625
26260
1545172
375703
525
566260
57354
21142
776630
1150325
634100
152424
441455
650144
506574
237653
246430
1034520
65137
1412240
1015124
1621144
50114
547206
1627254
227634
1150304
544577
43160
337410
115460
25304
450740
2707
105276
122071
1042421
755524
233420
442670
534755
450410
130556
346016
61562
451523
254514
305772
507036
67501
104216
154000
57134
21532
1155146
151472
603244
405410
267312
744402
375670
45034
352264
252372
635026
331176
507234
1042457
52223
1153620
122222
263217
224400
544510
524226
110555
1061674
112030
1333173
1607660
63166
12264
501572
444302
714500
356466
617324
144240
414050
33720
17360
7754
72423
1253624
27263
3660
325465
171507
616010
406051
216100
644523
41030
7421
52105
6110
472652
7632
364034
731202
707216
416030
1365246
665340
23510
1165132
1130414
522302
56033
16541
306306
267105
72251
121303
1105671
455620
1202170
537572
1567532
23741
67202
412062
1175460
123070
566470
1611517
361324
231326
1311640
50675
242254
173314
50074
617004
1063260
511073
552110
633556
371514
240171
75714
140032
6022
751550
435507
132644
1012030
343260
107161
410040
370174
252660
570130
202370
432175
1445626
67320
1303040
362132
364564
77770
272476
66440
221562
1615754
206730
406540
473476
16204
337602
5252
170700
1332462
1036353
1405756
362740
427100
15206
712445
644314
213400
11264
331674
160374
715546
531531
3572
302300
676777
37624
17470
153247
1004
242240
107660
1632210
140200
705330
431376
220545
302104
1142530
457554
173264
1075333
77453
24370
126764
540536
276114
232333
366421
651736
42710
302402
50702
244576
1032702
104740
306006
1651320
66116
1037701
1546074
332150
1350254
215046
221540
101444
1270264
32327
256001
143506
443630
141462
163460
45070
713000
575154
365277
433174
154465
744653
543543
41124
1152526
146520
50622
23232
32346
222043
11272
21502
54272
256454
705135
455620
626754
360154
1360130
235524
124160
614
1054654
627260
613310
75664
4540
444353
722077
502152
270050
1251750
1152122
305472
63036
24244
106641
711750
1257012
423013
1535000
135542
1020600
201234
411363
46220
161500
164301
465454
435630
31617
364152
164357
1346756
111336
112026
115204
341757
33302
226531
132730
5374
361416
222010
351140
563112
33663
61034
1112144
1556150
446400
35310
230200
1111143
556320
430610
401374
1126646
412327
475710
161007
562333
377637
204753
33206
562260
72364
1520602
46410
105062
430273
562170
621566
60120
527422
215622
64220
526660
200246
250751
157507
556506
300400
354260
641507
672020
1264640
2607
665070
1153420
734440
642466
425156
1535762
17435
50651
257050
256074
264376
36344
142716
6167
1251261
1173144
1206462
304374
333470
70513
533522
425562
731550
362464
555400
163461
322732
517062
123342
201331
107207
511610
256220
234320
123413
211310
566540
1025754
531442
44511
336414
1051410
10020
217340
121030
613536
44046
111721
626635
132150
321710
456460
3360
1551141
1430037
54236
1343310
237107
257027
757504
461656
62274
16616
754640
20341
143464
241040
636242
1215360
704123
6770
7672
246624
307224
142660
1445273
1611040
1164100
144556
713236
711430
702456
260210
1234352
263432
174600
27440
160334
442510
415040
162261
61410
220624
63130
764200
445547
610206
363100
310222
277024
45460
331222
675674
1346160
210675
53436
355630
1046012
21214
315221
342357
743320
404430
376750
554061
204614
216256
572244
146244
225423
37154
637144
760353
10410
22556
272233
154656
1150464
640150
323730
620540
72414
126144
7710
236424
124604
1233023
1502242
146330
20144
174634
326540
525560
1150370
645645
170140
740550
52653
144240
150426
1110510
1426442
461572
472613
1415736
177270
470210
157754
431312
507753
177717
1304167
21140
113036
555354
144664
207000
320062
103050
1154361
1121670
14374
744052
1304220
703130
2624
1202564
22572
651062
165262
13517
272167
2350
604672
1127164
12332
655740
6412
1036442
427640
315651
456640
22321
13022
205777
1147024
25173
35764
665544
342500
22000
232501
127300
53744
30155
144404
255470
272360
763160
101462
760634
67276
560032
165220
117730
150411
7501
255200
166042
276144
350246
71656
323505
260004
22542
200530
255063
24437
51233
701230
672650
46022
1014302
511562
301550
250744
40253
1000456
41472
60600
767600
520454
275572
161436
161174
73525
44322
36341
566354
434420
1170376
406764
201660
62002
123357
23713
110462
677323
1001636
536452
12144
120550
136451
227700
106774
60350
1100630
513750
564704
637100
147332
340136
1020166
170600
33414
216460
236604
617735
627722
1332050
1012371
207132
436222
532630
136554
26772
202326
733350
67574
11266
453707
521200
51035
146524
1570530
122631
276346
30700
774460
104674
342320
114064
405014
501717
16514
1373112
155643
13657
507306
703474
604744
14501
454162
535500
161404
1044035
365605
727163
33405
203754
302324
572160
1071014
112050
425260
267202
1120070
502722
1175520
274422
43501
301236
10726
150324
1517605
222160
133614
345642
1133740
3702
424146
575130
626110
367730
135102
403653
766240
64623
356240
1474462
1365700
217123
605576
650736
736732
1145271
632707
315746
50104
230771
37102
107254
104764
15636
33244
334310
144516
677770
430020
76010
432640
63200
20161
760471
1137415
410410
1252121
121555
236031
343443
1001752
47640
203175
107026
342750
11470
30545
530114
504746
203150
354664
112260
136605
177520
30576
24770
1357516
203572
625006
110000
112300
1052332
530517
254672
624731
130300
164071
33602
557326
621320
237574
37360
101757
72460
125346
135721
115067
664560
735344
1115240
452334
1360
322677
605420
350072
755466
550240
527254
152642
534177
556264
461555
1141124
356524
74000
152357
1173257
752426
543635
1375270
100022
301342
222236
26114
247010
321076
344170
334160
324366
607767
460374
214010
211640
1163130
727663
36242
11066
1012
1353246
124363
1100750
626540
272574
55047
20560
56415
407737
12601
164102
133210
143634
1370514
673650
314776
601642
614532
71134
62175
436672
273754
1615440
376740
6452
1402214
1426100
1027656
41574
746612
545060
1051227
240001
213645
313115
1001642
547200
177557
275204
36311
172710
745657
213350
274026
164667
27506
741270
106714
1164540
1121460
66734
12740
4411
71060
122173
142033
1257234
140440
1570375
1023010
3256
237152
125226
1131244
1030004
143110
645774
1167640
224521
1064637
201102
652522
1107004
60505
420640
357404
205675
476741
533214
411530
204140
274452
137657
300344
620240
553677
1255024
35420
170337
120270
556661
71710
712436
300462
621330
506301
123340
157020
3254
57723
762170
133640
45144
517120
66711
151625
245210
10132
3001
72663
713134
340350
453772
27062
45304
60174
363511
557475
253364
30360
223760
521540
166360
42744
434326
250666
773000
4400
154072
524505
12240
337710
533107
221020
44000
53140
741664
61474
274220
1061330
1324050
512113
212410
20667
260560
1011010
561172
602445
214334
300755
601500
176563
160160
272476
344520
11430
305355
42021
5531
107437
366330
137404
117524
425430
26436
220300
442112
1160520
171015
605230
171700
427601
235516
1072440
33053
1421256
274536
602125
306077
562276
1012746
564204
46734
243101
1106446
221313
123427
1340337
751454
26622
574276
617160
500730
123710
401542
243100
361040
13464
1636305
474656
7160
672760
1023314
34010
102000
10334
150026
674435
174460
230230
330360
233175
335700
377644
24527
167214
740442
273730
573430
1047064
24050
1165742
231000
4200
206260
26270
434646
60174
10524
677424
1306110
33625
240404
1277240
203474
163736
307731
26554
1256610
65016
654040
552461
766056
546037
1470
353240
575654
1155066
141027
547640
133326
277062
213535
1230766
435230
1222067
301510
250674
305510
737553
1033156
333730
617520
232144
104552
604060
431775
1304457
414206
350412
153744
100210
1043540
275300
600422
1431670
531113
203466
30300
101100
331520
61270
326530
777764
344324
175440
16456
716373
1056364
365534
125276
24574
457674
511374
1474275
214000
273210
460634
40446
604231
1255505
661364
406611
1230736
354161
514272
406323
3473
1152272
775106
271650
433463
36656
113630
243350
330613
552702
1472223
336015
150500
1277476
152672
137024
432102
264050
200660
252230
635610
10054
162462
1216022
346701
1035524
1132260
162413
564057
1157224
14170
45714
124476
72510
16266
273736
122312
312244
231504
156340
15454
610244
663060
152424
146210
145511
213340
635644
445500
175000
1034644
534540
473667
76010
154700
1077340
1050202
124331
1632754
423035
42152
7546
260410
47514
63572
34747
141074
131242
460273
604605
215446
1446003
36531
476304
25
761264
102160
727344
1400056
64312
70662
422331
21412
255101
371030
1423372
1523246
340327
62542
1256002
264154
731460
654560
1035221
21066
110367
172225
373131
310071
232432
1104706
102006
515306
35274
335135
112522
13566
106011
52520
324032
26031
52300
724364
77206
375516
210200
160337
734340
752000
577314
134566
272344
44060
425722
131125
360470
53403
16670
343772
734734
754140
575476
1334345
134005
6666
1116024
31162
1100046
222621
245346
163744
215720
10623
233462
252210
541564
510643
203370
136466
304102
307240
636317
510100
1735
455134
240633
172445
22104
353532
324544
612014
17300
61034
466714
533756
153400
517610
667711
327450
1032122
7411
1202
321002
116414
211241
1056667
645414
