Lp ;Id_uzytkownika;Data;Id_zajec
1;1;2014-04-05;16
2;4;2014-04-06;4
3;5;2014-04-07;2
4;8;2014-04-08;47
5;12;2014-04-09;54
6;13;2014-04-10;1
7;16;2014-04-11;48
8;19;2014-04-12;7
9;20;2014-04-13;60
10;22;2014-04-14;8
11;23;2014-04-15;15
12;24;2014-04-16;5
13;27;2014-04-17;10
14;36;2014-04-18;24
15;37;2014-04-19;31
16;40;2014-04-20;38
17;42;2014-04-21;56
18;45;2014-04-22;6
19;46;2014-04-23;12
20;47;2014-04-24;26
21;48;2014-04-25;33
22;49;2014-04-26;40
23;50;2014-04-27;58
24;51;2014-04-28;11
25;53;2014-04-29;20
26;54;2014-04-30;25
27;57;2014-04-17;32
28;58;2014-04-18;39
29;60;2014-04-19;57
30;61;2014-04-20;23
31;63;2014-04-21;52
32;65;2014-04-22;45
33;66;2014-04-23;14
34;71;2014-04-24;27
35;72;2014-04-25;34
36;73;2014-04-26;46
37;77;2014-04-27;13
38;78;2014-04-03;22
39;79;2014-04-04;30
40;80;2014-04-05;37
41;83;2014-04-06;42
42;86;2014-04-07;43
43;87;2014-04-08;51
44;89;2014-04-09;59
45;90;2014-04-10;3
46;96;2014-04-11;18
47;97;2014-04-12;21
48;98;2014-04-13;53
49;99;2014-04-14;17
50;100;2014-04-15;29
51;105;2014-04-16;36
52;106;2014-04-17;44
53;107;2014-04-18;50
54;108;2014-04-03;9
55;109;2014-04-04;19
56;112;2014-04-05;28
57;114;2014-04-06;35
58;119;2014-04-07;41
59;120;2014-04-08;49
60;121;2014-04-09;55
61;124;2014-04-10;16
62;125;2014-04-11;4
63;126;2014-04-12;2
64;127;2014-04-13;47
65;129;2014-04-14;54
66;130;2014-04-15;1
67;132;2014-04-16;48
68;133;2014-04-17;7
69;134;2014-04-18;60
70;136;2014-04-19;8
71;139;2014-04-20;15
72;141;2014-04-21;5
73;142;2014-04-22;10
74;144;2014-04-23;24
75;153;2014-04-24;31
76;155;2014-04-25;38
77;157;2014-04-26;56
78;161;2014-04-27;6
79;162;2014-04-03;12
80;163;2014-04-04;26
81;166;2014-04-05;33
82;169;2014-04-06;40
83;170;2014-04-07;58
84;173;2014-04-08;11
85;179;2014-04-09;20
86;181;2014-04-10;25
87;184;2014-04-11;32
88;185;2014-04-12;39
89;188;2014-04-13;57
90;189;2014-04-14;23
91;192;2014-04-15;52
92;195;2014-04-16;45
93;196;2014-04-17;14
94;198;2014-04-18;27
95;201;2014-04-19;34
96;202;2014-04-20;46
97;204;2014-04-21;13
98;205;2014-04-22;22
99;206;2014-04-23;30
100;207;2014-04-24;37
101;209;2014-04-25;42
102;210;2014-04-26;43
103;215;2014-04-27;51
104;218;2014-04-28;59
105;226;2014-04-29;3
106;228;2014-04-30;18
107;230;2014-04-25;21
108;231;2014-04-26;53
109;235;2014-04-27;17
110;240;2014-04-03;29
111;241;2014-04-04;36
112;244;2014-04-05;44
113;245;2014-04-06;50
114;247;2014-04-07;9
115;248;2014-04-08;19
116;249;2014-04-09;28
117;250;2014-04-10;35
118;252;2014-04-11;41
119;254;2014-04-12;49
120;255;2014-04-13;55
121;256;2014-04-14;16
122;257;2014-04-15;4
123;258;2014-04-16;2
124;260;2014-04-17;47
125;264;2014-04-18;54
126;265;2014-04-19;1
127;266;2014-04-20;48
128;267;2014-04-21;7
129;272;2014-04-22;60
130;273;2014-04-23;8
131;274;2014-04-24;15
132;275;2014-04-25;5
133;277;2014-04-26;10
134;284;2014-04-27;24
135;288;2014-04-28;31
136;290;2014-04-29;38
137;293;2014-04-30;56
138;295;2014-04-23;6
139;296;2014-04-24;12
140;298;2014-04-25;26
141;299;2014-04-26;33
142;301;2014-04-27;40
143;306;2014-04-03;58
144;307;2014-04-04;11
145;309;2014-04-05;20
146;311;2014-04-06;25
147;312;2014-04-07;32
148;313;2014-04-08;39
149;315;2014-04-09;57
150;317;2014-04-10;23
151;321;2014-04-11;52
152;322;2014-04-12;45
153;323;2014-04-13;14
154;327;2014-04-14;27
155;329;2014-04-15;34
156;330;2014-04-16;46
157;331;2014-04-17;13
158;332;2014-04-18;22
159;337;2014-04-03;30
160;338;2014-04-04;37
161;340;2014-04-05;42
162;345;2014-04-06;43
163;346;2014-04-07;51
164;347;2014-04-08;59
165;348;2014-04-09;3
166;349;2014-04-10;18
167;350;2014-04-11;21
168;352;2014-04-12;53
169;354;2014-04-13;17
170;355;2014-04-14;29
171;356;2014-04-15;36
172;357;2014-04-16;44
173;359;2014-04-17;50
174;360;2014-04-18;9
175;363;2014-04-19;19
176;364;2014-04-20;28
177;373;2014-04-21;35
178;374;2014-04-22;41
179;375;2014-04-23;49
180;376;2014-04-24;55
181;377;2014-04-25;16
182;378;2014-04-26;4
183;380;2014-04-27;2
184;383;2014-04-03;47
185;384;2014-04-04;54
186;386;2014-04-05;1
187;387;2014-04-06;48
188;388;2014-04-07;7
189;390;2014-04-08;60
190;393;2014-04-09;8
191;394;2014-04-10;15
192;395;2014-04-11;5
193;396;2014-04-12;10
194;397;2014-04-13;24
195;398;2014-04-14;31
196;400;2014-04-15;38
197;401;2014-04-16;56
198;402;2014-04-17;6
199;403;2014-04-18;12
200;404;2014-04-19;26
201;405;2014-04-20;33
202;406;2014-04-21;40
203;407;2014-04-22;58
204;410;2014-04-23;11
205;415;2014-04-24;20
206;416;2014-04-25;25
207;419;2014-04-26;32
208;424;2014-04-27;39
209;425;2014-04-28;57
210;426;2014-04-29;23
211;427;2014-04-30;52
212;429;2014-04-25;45
213;430;2014-04-26;14
214;431;2014-04-27;27
215;432;2014-04-03;34
216;433;2014-04-04;46
217;434;2014-04-05;13
218;437;2014-04-06;22
219;439;2014-04-07;30
220;440;2014-04-08;37
221;441;2014-04-09;42
222;444;2014-04-10;43
223;445;2014-04-11;51
224;446;2014-04-12;59
225;447;2014-04-13;3
226;448;2014-04-14;18
227;449;2014-04-15;21
228;452;2014-04-16;53
229;453;2014-04-17;17
230;455;2014-04-18;29
231;465;2014-04-19;36
232;467;2014-04-20;44
233;468;2014-04-21;50
234;469;2014-04-22;9
235;471;2014-04-23;19
236;472;2014-04-24;28
237;473;2014-04-25;35
238;479;2014-04-26;41
239;481;2014-04-27;49
240;483;2014-04-28;55
241;484;2014-04-29;16
242;485;2014-04-30;4
243;486;2014-04-17;2
244;490;2014-04-18;47
245;491;2014-04-19;54
246;492;2014-04-20;1
247;493;2014-04-21;48
248;494;2014-04-22;7
249;496;2014-04-23;60
250;497;2014-04-24;8
251;500;2014-04-25;15
252;502;2014-04-26;5
253;503;2014-04-27;10
254;504;2014-04-03;24
255;505;2014-04-04;31
256;510;2014-04-05;38
257;511;2014-04-06;56
258;512;2014-04-07;6
259;514;2014-04-08;12
260;515;2014-04-09;26
261;519;2014-04-10;33
262;523;2014-04-11;40
263;524;2014-04-12;58
264;531;2014-04-13;11
265;1;2014-04-14;20
266;4;2014-04-15;25
267;5;2014-04-16;32
268;8;2014-04-17;39
269;12;2014-04-18;57
270;13;2014-04-03;23
271;16;2014-04-04;52
272;19;2014-04-05;45
273;20;2014-04-06;14
274;22;2014-04-07;27
275;23;2014-04-08;34
276;24;2014-04-09;46
277;27;2014-04-10;13
278;36;2014-04-11;22
279;37;2014-04-12;30
280;40;2014-04-13;37
281;42;2014-04-14;42
282;45;2014-04-15;43
283;46;2014-04-16;51
284;47;2014-04-17;59
285;48;2014-04-18;3
286;49;2014-04-19;18
287;50;2014-04-20;21
288;51;2014-04-21;53
289;53;2014-04-22;17
290;54;2014-04-23;29
291;57;2014-04-24;36
292;58;2014-04-25;44
293;60;2014-04-26;50
294;61;2014-04-27;9
295;63;2014-04-03;19
296;65;2014-04-04;28
297;66;2014-04-05;35
298;71;2014-04-06;41
299;72;2014-04-07;49
300;73;2014-04-08;55
301;77;2014-04-09;26
302;78;2014-04-10;33
303;79;2014-04-11;40
304;80;2014-04-12;58
305;83;2014-04-13;11
306;86;2014-04-14;20
307;87;2014-04-15;25
308;89;2014-04-16;32
309;90;2014-04-17;39
310;96;2014-04-18;57
311;97;2014-04-19;23
312;98;2014-04-20;52
313;99;2014-04-21;45
314;100;2014-04-22;14
315;105;2014-04-23;27
316;106;2014-04-24;34
317;107;2014-04-25;46
318;108;2014-04-26;13
319;109;2014-04-27;22
320;112;2014-04-28;30
321;114;2014-04-29;37
322;119;2014-04-30;42
323;120;2014-04-25;43
324;121;2014-04-26;51
325;124;2014-04-27;59
326;125;2014-04-03;3
327;126;2014-04-04;18
328;127;2014-04-05;21
329;129;2014-04-06;53
330;130;2014-04-07;17
331;132;2014-04-08;29
332;133;2014-04-09;36
333;134;2014-04-10;44
334;136;2014-04-11;50
335;139;2014-04-12;9
336;141;2014-04-13;19
337;142;2014-04-14;28
338;144;2014-04-15;35
339;153;2014-04-16;41
340;155;2014-04-17;49
341;157;2014-04-18;55
342;161;2014-04-19;16
343;162;2014-04-20;4
344;163;2014-04-21;2
345;166;2014-04-22;47
346;169;2014-04-23;54
347;170;2014-04-24;1
348;173;2014-04-25;48
349;179;2014-04-26;7
350;181;2014-04-27;60
351;184;2014-04-28;8
352;185;2014-04-29;15
353;188;2014-04-30;5
354;189;2014-04-01;10
355;192;2014-04-02;24
356;195;2014-04-03;31
357;196;2014-04-04;38
358;198;2014-04-13;56
359;201;2014-04-14;6
360;202;2014-04-15;12
361;204;2014-04-16;26
362;205;2014-04-17;33
363;206;2014-04-18;40
364;207;2014-04-19;58
365;209;2014-04-20;11
366;210;2014-04-21;20
367;215;2014-04-22;25
368;218;2014-04-23;32
369;226;2014-04-24;39
370;228;2014-04-25;57
371;230;2014-04-26;23
372;231;2014-04-27;52
373;235;2014-04-28;45
374;240;2014-04-29;14
375;241;2014-04-30;27
376;244;2014-04-01;34
377;245;2014-04-02;46
378;247;2014-04-03;13
379;248;2014-04-04;22
380;249;2014-04-25;30
381;250;2014-04-26;37
382;252;2014-04-27;42
383;254;2014-04-28;43
384;255;2014-04-29;51
385;256;2014-04-30;59
386;257;2014-04-01;3
387;258;2014-04-02;18
388;260;2014-04-03;21
389;264;2014-04-04;53
390;265;2014-04-13;17
391;266;2014-04-14;29
392;267;2014-04-15;36
393;272;2014-04-16;44
394;273;2014-04-17;50
395;274;2014-04-13;9
396;275;2014-04-14;19
397;277;2014-04-15;28
398;284;2014-04-16;35
399;288;2014-04-17;41
400;290;2014-04-05;49
401;293;2014-04-06;55
402;295;2014-04-07;16
403;296;2014-04-08;4
404;298;2014-04-09;2
405;299;2014-04-10;47
406;301;2014-04-11;54
407;306;2014-04-12;1
408;307;2014-04-13;48
409;309;2014-04-14;7
410;311;2014-04-15;60
411;312;2014-04-16;8
412;313;2014-04-17;15
413;315;2014-04-18;5
414;317;2014-04-19;10
415;321;2014-04-20;24
416;322;2014-04-21;31
417;323;2014-04-22;38
418;327;2014-04-23;56
419;329;2014-04-24;6
420;330;2014-04-25;12
421;331;2014-04-26;26
422;332;2014-04-27;33
423;337;2014-04-28;40
424;338;2014-04-29;58
425;340;2014-04-30;11
426;345;2014-04-17;20
427;346;2014-04-18;25
428;347;2014-04-19;32
429;348;2014-04-20;39
430;349;2014-04-21;57
431;350;2014-04-22;23
432;352;2014-04-23;52
433;354;2014-04-24;45
434;355;2014-04-25;14
435;356;2014-04-26;27
436;357;2014-04-27;34
437;359;2014-04-03;46
438;360;2014-04-04;13
439;363;2014-04-05;22
440;364;2014-04-06;30
441;373;2014-04-07;37
442;374;2014-04-08;42
443;375;2014-04-09;43
444;376;2014-04-10;51
445;377;2014-04-11;59
446;378;2014-04-12;3
447;380;2014-04-13;18
448;383;2014-04-14;21
449;384;2014-04-15;53
450;386;2014-04-16;17
451;387;2014-04-17;29
452;388;2014-04-18;36
453;390;2014-04-03;44
454;393;2014-04-04;50
455;394;2014-04-05;9
456;395;2014-04-06;19
457;396;2014-04-07;28
458;397;2014-04-08;35
459;398;2014-04-09;41
460;400;2014-04-10;49
461;401;2014-04-11;55
462;402;2014-04-12;16
463;403;2014-04-13;4
464;404;2014-04-14;2
465;405;2014-04-15;47
466;406;2014-04-16;54
467;407;2014-04-17;1
468;410;2014-04-18;48
469;415;2014-04-19;7
470;416;2014-04-20;60
471;419;2014-04-21;8
472;424;2014-04-22;15
473;425;2014-04-23;5
474;426;2014-04-24;10
475;427;2014-04-25;24
476;429;2014-04-26;31
477;430;2014-04-27;38
478;431;2014-04-03;56
479;432;2014-04-04;6
480;433;2014-04-05;12
481;434;2014-04-06;26
482;437;2014-04-07;33
483;439;2014-04-08;40
484;440;2014-04-09;58
485;441;2014-04-10;11
486;444;2014-04-11;20
487;445;2014-04-12;25
488;446;2014-04-13;32
489;447;2014-04-14;39
490;448;2014-04-15;57
491;449;2014-04-16;23
492;452;2014-04-17;52
493;453;2014-04-18;45
494;455;2014-04-19;14
495;465;2014-04-20;27
496;467;2014-04-21;34
497;468;2014-04-22;46
498;469;2014-04-23;13
499;471;2014-04-24;22
500;472;2014-04-25;30
501;473;2014-04-26;37
502;479;2014-04-27;42
503;481;2014-04-28;43
504;483;2014-04-29;51
505;484;2014-04-30;59
506;485;2014-04-25;3
507;486;2014-04-26;18
508;490;2014-04-27;21
509;491;2014-04-03;53
510;492;2014-04-04;17
511;493;2014-04-05;29
512;494;2014-04-06;36
513;496;2014-04-07;44
514;497;2014-04-08;50
515;500;2014-04-09;9
516;502;2014-04-10;19
517;503;2014-04-11;28
518;504;2014-04-12;35
519;505;2014-04-13;41
520;510;2014-04-14;49
521;511;2014-04-15;55
522;512;2014-04-16;16
523;514;2014-04-17;4
524;515;2014-04-18;2
525;519;2014-04-19;47
526;523;2014-04-20;54
527;524;2014-04-21;1
528;531;2014-04-22;48
529;1;2014-04-23;7
530;4;2014-04-24;60
531;5;2014-04-25;8
532;8;2014-04-26;15
533;12;2014-04-27;5
534;13;2014-04-28;10
535;16;2014-04-29;24
536;19;2014-04-30;31
537;20;2014-04-23;38
538;22;2014-04-24;56
539;23;2014-04-25;6
540;24;2014-04-26;12
541;27;2014-04-27;26
542;36;2014-04-03;33
543;37;2014-04-04;40
544;40;2014-04-05;58
545;42;2014-04-06;11
546;45;2014-04-07;11
547;46;2014-04-08;16
548;47;2014-04-09;4
549;48;2014-04-10;2
550;49;2014-04-11;47
551;50;2014-04-12;54
552;51;2014-04-13;1
553;53;2014-04-14;48
554;54;2014-04-15;7
555;57;2014-04-16;60
556;58;2014-04-17;8
557;60;2014-04-18;15
558;61;2014-04-03;5
559;63;2014-04-04;10
560;65;2014-04-05;24
561;66;2014-04-06;31
562;71;2014-04-07;38
563;72;2014-04-08;56
564;73;2014-04-09;6
565;77;2014-04-10;12
566;78;2014-04-11;26
567;79;2014-04-12;33
568;80;2014-04-13;40
569;83;2014-04-14;58
570;86;2014-04-15;11
571;87;2014-04-16;20
572;89;2014-04-17;25
573;90;2014-04-18;32
574;96;2014-04-19;39
575;97;2014-04-20;57
576;98;2014-04-21;23
577;99;2014-04-22;52
578;100;2014-04-23;45
579;105;2014-04-24;14
580;106;2014-04-25;27
581;107;2014-04-26;34
582;108;2014-04-27;46
583;109;2014-04-03;13
584;112;2014-04-04;22
585;114;2014-04-05;30
586;119;2014-04-06;37
587;120;2014-04-07;42
588;121;2014-04-08;43
589;124;2014-04-09;51
590;125;2014-04-10;59
591;126;2014-04-11;3
592;127;2014-04-12;18
593;129;2014-04-13;21
594;130;2014-04-14;53
595;132;2014-04-15;17
596;133;2014-04-16;29
597;134;2014-04-17;36
598;136;2014-04-18;44
599;139;2014-04-19;50
600;141;2014-04-20;9
601;142;2014-04-21;19
602;144;2014-04-22;28
603;153;2014-04-23;35
604;155;2014-04-24;41
605;157;2014-04-25;49
606;161;2014-04-26;55
607;162;2014-04-27;16
608;163;2014-04-28;4
609;166;2014-04-29;2
610;169;2014-04-30;47
611;170;2014-04-25;54
612;173;2014-04-26;1
613;179;2014-04-27;48
614;181;2014-04-03;7
615;184;2014-04-04;60
616;185;2014-04-05;8
617;188;2014-04-06;15
618;189;2014-04-07;5
619;192;2014-04-08;10
620;195;2014-04-09;24
621;196;2014-04-10;31
622;198;2014-04-11;38
623;201;2014-04-12;56
624;202;2014-04-13;6
625;204;2014-04-14;12
626;205;2014-04-15;26
627;114;2014-04-16;33
628;207;2014-04-17;40
629;209;2014-04-18;58
630;210;2014-04-19;11
631;215;2014-04-20;20
632;218;2014-04-21;25
633;226;2014-04-22;32
634;228;2014-04-23;39
635;230;2014-04-24;57
636;231;2014-04-25;23
637;235;2014-04-26;52
638;240;2014-04-27;45
639;241;2014-04-28;14
640;244;2014-04-29;27
641;245;2014-04-30;34
642;247;2014-04-17;46
643;248;2014-04-18;13
644;249;2014-04-19;22
645;250;2014-04-20;30
646;252;2014-04-21;37
647;254;2014-04-22;42
648;255;2014-04-23;43
649;256;2014-04-24;51
650;257;2014-04-25;59
651;258;2014-04-26;3
652;260;2014-04-27;18
653;264;2014-04-03;21
654;265;2014-04-04;53
655;266;2014-04-05;17
656;267;2014-04-06;29
657;272;2014-04-07;36
658;273;2014-04-08;44
659;274;2014-04-09;50
660;275;2014-04-10;9
661;277;2014-04-11;19
662;284;2014-04-12;28
663;288;2014-04-13;35
664;290;2014-04-14;41
665;293;2014-04-15;49
666;295;2014-04-16;55
667;296;2014-04-17;16
668;298;2014-04-18;4
669;299;2014-04-03;2
670;301;2014-04-04;47
671;306;2014-04-05;54
672;307;2014-04-06;1
673;309;2014-04-07;48
674;311;2014-04-08;7
675;312;2014-04-09;60
676;313;2014-04-10;8
677;315;2014-04-11;15
678;317;2014-04-12;5
679;321;2014-04-13;10
680;322;2014-04-14;24
681;323;2014-04-15;31
682;327;2014-04-16;38
683;329;2014-04-17;56
684;330;2014-04-18;6
685;331;2014-04-19;12
686;332;2014-04-20;26
687;337;2014-04-21;33
688;338;2014-04-22;40
689;340;2014-04-23;58
690;345;2014-04-24;11
691;346;2014-04-25;20
692;347;2014-04-26;25
693;348;2014-04-27;32
694;349;2014-04-03;39
695;350;2014-04-04;57
696;352;2014-04-05;23
697;354;2014-04-06;52
698;355;2014-04-07;45
699;356;2014-04-08;14
700;357;2014-04-09;27
701;359;2014-04-10;34
702;360;2014-04-11;46
703;363;2014-04-12;13
704;364;2014-04-13;22
705;373;2014-04-14;30
706;374;2014-04-15;37
707;375;2014-04-16;42
708;376;2014-04-17;43
709;377;2014-04-18;51
710;378;2014-04-19;59
711;380;2014-04-20;3
712;383;2014-04-21;18
713;384;2014-04-22;21
714;386;2014-04-23;53
715;387;2014-04-24;17
716;388;2014-04-25;29
717;390;2014-04-26;36
718;393;2014-04-27;44
719;394;2014-04-28;50
720;395;2014-04-29;9
721;396;2014-04-30;19
722;397;2014-04-25;28
723;398;2014-04-26;35
724;400;2014-04-27;41
725;401;2014-04-03;49
726;402;2014-04-04;55
727;403;2014-04-05;16
728;404;2014-04-06;4
729;405;2014-04-07;2
730;406;2014-04-08;47
731;407;2014-04-09;54
732;410;2014-04-10;1
733;415;2014-04-11;48
734;416;2014-04-12;7
735;419;2014-04-13;60
736;424;2014-04-14;8
737;425;2014-04-15;15
738;426;2014-04-16;5
739;427;2014-04-17;10
740;429;2014-04-18;24
741;430;2014-04-19;31
742;431;2014-04-20;38
743;432;2014-04-21;56
744;433;2014-04-22;6
745;434;2014-04-23;12
746;437;2014-04-24;26
747;439;2014-04-25;33
748;440;2014-04-26;40
749;441;2014-04-27;58
750;444;2014-04-28;11
751;445;2014-04-29;20
752;446;2014-04-30;25
753;447;2014-04-01;32
754;448;2014-04-02;39
755;449;2014-04-03;57
756;452;2014-04-04;23
757;453;2014-04-13;52
758;455;2014-04-14;45
759;465;2014-04-15;14
760;467;2014-04-16;27
761;468;2014-04-17;34
762;469;2014-04-18;46
763;471;2014-04-19;13
764;472;2014-04-20;22
765;473;2014-04-21;30
766;479;2014-04-22;37
767;481;2014-04-23;42
768;483;2014-04-24;43
769;484;2014-04-25;51
770;485;2014-04-26;59
771;486;2014-04-27;3
772;490;2014-04-28;18
773;491;2014-04-29;21
774;492;2014-04-30;53
775;493;2014-04-01;17
776;494;2014-04-02;29
777;496;2014-04-03;36
778;497;2014-04-04;44
779;500;2014-04-25;50
780;502;2014-04-26;9
781;503;2014-04-27;19
782;504;2014-04-28;28
783;505;2014-04-29;35
784;510;2014-04-30;41
785;511;2014-04-01;49
786;512;2014-04-02;55
787;514;2014-04-03;16
788;515;2014-04-04;4
789;519;2014-04-13;2
790;523;2014-04-14;47
791;524;2014-04-15;54
792;531;2014-04-16;1
793;1;2014-04-17;48
794;4;2014-04-13;7
795;5;2014-04-14;60
796;8;2014-04-15;8
797;12;2014-04-16;15
798;13;2014-04-17;5
799;16;2014-04-05;10
800;19;2014-04-06;24
801;20;2014-04-07;31
802;22;2014-04-08;38
803;23;2014-04-09;56
804;24;2014-04-10;6
805;27;2014-04-11;12
806;36;2014-04-12;26
807;37;2014-04-13;33
808;40;2014-04-14;40
809;42;2014-04-15;58
810;45;2014-04-16;11
811;46;2014-04-17;20
812;47;2014-04-18;25
813;48;2014-04-19;32
814;49;2014-04-20;39
815;50;2014-04-21;57
816;51;2014-04-22;23
817;53;2014-04-23;52
818;54;2014-04-24;45
819;57;2014-04-25;14
820;58;2014-04-26;27
821;60;2014-04-27;34
822;61;2014-04-28;46
823;63;2014-04-29;13
824;65;2014-04-30;22
825;66;2014-04-17;30
826;71;2014-04-18;37
827;72;2014-04-19;42
828;73;2014-04-20;43
829;77;2014-04-21;51
830;78;2014-04-22;59
831;79;2014-04-23;3
832;80;2014-04-24;18
833;83;2014-04-25;21
834;86;2014-04-26;53
835;87;2014-04-27;17
836;89;2014-04-03;29
837;90;2014-04-04;36
838;96;2014-04-05;44
839;97;2014-04-06;50
840;98;2014-04-07;9
841;99;2014-04-08;19
842;100;2014-04-09;28
843;105;2014-04-10;35
844;106;2014-04-11;41
845;107;2014-04-12;49
846;108;2014-04-13;55
847;109;2014-04-14;26
848;112;2014-04-15;33
849;114;2014-04-16;40
850;119;2014-04-17;58
851;120;2014-04-18;11
852;121;2014-04-03;20
853;124;2014-04-04;25
854;125;2014-04-05;32
855;126;2014-04-06;39
856;127;2014-04-07;57
857;129;2014-04-08;23
858;130;2014-04-09;52
859;132;2014-04-10;45
860;133;2014-04-11;14
861;134;2014-04-12;27
862;136;2014-04-13;34
863;139;2014-04-14;46
864;141;2014-04-15;13
865;142;2014-04-16;22
866;144;2014-04-17;30
867;153;2014-04-18;37
868;155;2014-04-19;42
869;157;2014-04-20;43
870;161;2014-04-21;51
871;162;2014-04-22;59
872;163;2014-04-23;3
873;166;2014-04-24;18
874;169;2014-04-25;21
875;170;2014-04-26;53
876;173;2014-04-27;17
877;179;2014-04-03;29
878;181;2014-04-04;36
879;184;2014-04-05;44
880;185;2014-04-06;50
881;188;2014-04-07;9
882;189;2014-04-08;19
883;192;2014-04-09;28
884;195;2014-04-10;35
885;196;2014-04-11;41
886;198;2014-04-12;49
887;201;2014-04-13;55
888;202;2014-04-14;16
889;204;2014-04-15;4
890;205;2014-04-16;2
891;206;2014-04-17;47
892;207;2014-04-18;54
893;209;2014-04-19;1
894;210;2014-04-20;48
895;215;2014-04-21;7
896;218;2014-04-22;60
897;226;2014-04-23;8
898;228;2014-04-24;15
899;230;2014-04-25;5
900;231;2014-04-26;10
901;235;2014-04-27;24
902;240;2014-04-28;31
903;241;2014-04-29;38
904;244;2014-04-30;56
905;245;2014-04-25;6
906;247;2014-04-26;12
907;248;2014-04-27;26
908;249;2014-04-03;33
909;250;2014-04-04;40
910;252;2014-04-05;58
911;254;2014-04-06;11
912;255;2014-04-07;20
913;256;2014-04-08;25
914;257;2014-04-09;32
915;258;2014-04-10;39
916;260;2014-04-11;57
917;264;2014-04-12;23
918;265;2014-04-13;52
919;266;2014-04-14;45
920;267;2014-04-15;14
921;272;2014-04-16;27
922;273;2014-04-17;34
923;274;2014-04-18;46
924;275;2014-04-19;13
925;277;2014-04-20;22
926;284;2014-04-21;30
927;288;2014-04-22;37
928;290;2014-04-23;42
929;293;2014-04-24;43
930;295;2014-04-25;51
931;296;2014-04-26;59
932;298;2014-04-27;3
933;299;2014-04-28;18
934;301;2014-04-29;21
935;306;2014-04-30;53
936;307;2014-04-23;17
937;309;2014-04-24;29
938;311;2014-04-25;36
939;312;2014-04-26;44
940;313;2014-04-27;50
941;315;2014-04-03;9
942;317;2014-04-04;19
943;321;2014-04-05;28
944;322;2014-04-06;35
945;323;2014-04-07;41
946;327;2014-04-08;49
947;329;2014-04-09;55
948;330;2014-04-10;16
949;331;2014-04-11;4
950;332;2014-04-12;2
951;337;2014-04-13;47
952;338;2014-04-14;54
953;340;2014-04-15;1
954;345;2014-04-16;48
955;346;2014-04-17;7
956;347;2014-04-18;60
957;348;2014-04-03;8
958;349;2014-04-04;15
959;350;2014-04-05;5
960;352;2014-04-06;10
961;354;2014-04-07;24
962;355;2014-04-08;31
963;356;2014-04-09;38
964;357;2014-04-10;56
965;359;2014-04-11;6
966;360;2014-04-12;12
967;363;2014-04-13;26
968;364;2014-04-14;33
969;373;2014-04-15;40
970;374;2014-04-16;58
971;375;2014-04-17;11
972;376;2014-04-18;20
973;377;2014-04-19;25
974;378;2014-04-20;32
975;380;2014-04-21;39
976;383;2014-04-22;57
977;384;2014-04-23;23
978;386;2014-04-24;52
979;387;2014-04-25;45
980;388;2014-04-26;14
981;390;2014-04-27;27
982;393;2014-04-03;34
983;394;2014-04-04;46
984;395;2014-04-05;13
985;396;2014-04-06;22
986;397;2014-04-07;30
987;398;2014-04-08;37
988;400;2014-04-09;42
989;401;2014-04-10;43
990;402;2014-04-11;51
991;403;2014-04-12;59
992;404;2014-04-13;3
993;405;2014-04-14;18
994;406;2014-04-15;21
995;407;2014-04-16;53
996;410;2014-04-17;17
997;415;2014-04-18;29
998;416;2014-04-19;36
999;419;2014-04-20;44
1000;424;2014-04-21;50
1001;425;2014-04-22;9
1002;426;2014-04-23;19
1003;427;2014-04-24;28
1004;429;2014-04-25;35
1005;430;2014-04-26;41
1006;431;2014-04-27;49
1007;432;2014-04-28;55
1008;433;2014-04-29;16
1009;434;2014-04-30;4
1010;437;2014-04-25;2
1011;439;2014-04-26;47
1012;440;2014-04-27;54
1013;441;2014-04-03;1
1014;444;2014-04-04;48
1015;445;2014-04-05;7
1016;446;2014-04-06;60
1017;447;2014-04-07;8
1018;448;2014-04-08;15
1019;449;2014-04-09;5
1020;452;2014-04-10;10
1021;453;2014-04-11;24
1022;455;2014-04-12;31
1023;465;2014-04-13;38
1024;467;2014-04-14;56
1025;468;2014-04-15;6
1026;469;2014-04-16;12
1027;471;2014-04-17;26
1028;472;2014-04-18;33
1029;473;2014-04-19;40
1030;479;2014-04-20;58
1031;481;2014-04-21;11
1032;483;2014-04-22;20
1033;484;2014-04-23;25
1034;485;2014-04-24;32
1035;486;2014-04-25;39
1036;490;2014-04-26;57
1037;491;2014-04-27;23
1038;492;2014-04-28;52
1039;493;2014-04-29;45
1040;494;2014-04-30;14
1041;496;2014-04-17;27
1042;497;2014-04-18;34
1043;500;2014-04-19;46
1044;502;2014-04-20;13
1045;503;2014-04-21;22
1046;504;2014-04-22;30
1047;505;2014-04-23;37
1048;510;2014-04-24;42
1049;511;2014-04-25;43
1050;512;2014-04-26;51
1051;514;2014-04-27;59
1052;515;2014-04-03;3
1053;519;2014-04-04;18
1054;523;2014-04-05;21
1055;524;2014-04-06;53
1056;531;2014-04-07;17
1057;1;2014-04-08;29
1058;4;2014-04-09;36
1059;5;2014-04-10;44
1060;8;2014-04-11;50
1061;12;2014-04-12;9
1062;13;2014-04-13;19
1063;16;2014-04-14;28
1064;19;2014-04-15;35
1065;20;2014-04-16;41
1066;22;2014-04-17;49
1067;23;2014-04-18;55
1068;24;2014-04-03;16
1069;27;2014-04-04;4
1070;36;2014-04-05;2
1071;37;2014-04-06;47
1072;40;2014-04-07;54
1073;42;2014-04-08;1
1074;45;2014-04-09;48
1075;46;2014-04-10;7
1076;47;2014-04-11;60
1077;48;2014-04-12;8
1078;49;2014-04-13;15
1079;50;2014-04-14;5
1080;51;2014-04-15;10
1081;53;2014-04-16;24
1082;54;2014-04-17;31
1083;57;2014-04-18;38
1084;58;2014-04-19;56
1085;60;2014-04-20;6
1086;61;2014-04-21;12
1087;63;2014-04-22;26
1088;65;2014-04-23;33
1089;66;2014-04-24;40
1090;71;2014-04-25;58
1091;72;2014-04-26;11
1092;73;2014-04-27;16
1093;77;2014-04-03;4
1094;78;2014-04-04;2
1095;79;2014-04-05;47
1096;80;2014-04-06;54
1097;83;2014-04-07;1
1098;86;2014-04-08;48
1099;87;2014-04-09;7
1100;89;2014-04-10;60
1101;90;2014-04-11;8
1102;96;2014-04-12;15
1103;97;2014-04-13;5
1104;98;2014-04-14;10
1105;99;2014-04-15;24
1106;100;2014-04-16;31
1107;105;2014-04-17;38
1108;106;2014-04-18;56
1109;107;2014-04-19;6
1110;108;2014-04-20;12
1111;109;2014-04-21;26
1112;112;2014-04-22;33
1113;114;2014-04-23;40
1114;119;2014-04-24;58
1115;120;2014-04-25;11
1116;121;2014-04-26;20
1117;124;2014-04-27;25
1118;125;2014-04-28;32
1119;126;2014-04-29;39
1120;127;2014-04-30;57
1121;129;2014-04-25;23
1122;130;2014-04-26;52
1123;132;2014-04-27;45
1124;133;2014-04-03;14
1125;134;2014-04-04;27
1126;136;2014-04-05;34
1127;139;2014-04-06;46
1128;141;2014-04-07;13
1129;142;2014-04-08;22
1130;144;2014-04-09;30
1131;153;2014-04-10;37
1132;155;2014-04-11;42
1133;157;2014-04-12;43
1134;161;2014-04-13;51
1135;162;2014-04-14;59
1136;163;2014-04-15;3
1137;166;2014-04-16;18
1138;169;2014-04-17;21
1139;170;2014-04-18;53
1140;173;2014-04-19;17
1141;179;2014-04-20;29
1142;181;2014-04-21;36
1143;184;2014-04-22;44
1144;185;2014-04-23;50
1145;188;2014-04-24;9
1146;189;2014-04-25;19
1147;192;2014-04-26;28
1148;195;2014-04-27;35
1149;196;2014-04-28;41
1150;198;2014-04-29;49
1151;201;2014-04-30;55
1152;202;2014-04-01;16
1153;204;2014-04-02;4
1154;205;2014-04-03;2
1155;206;2014-04-04;47
1156;207;2014-04-13;54
1157;209;2014-04-14;1
1158;210;2014-04-15;48
1159;215;2014-04-16;7
1160;218;2014-04-17;60
1161;226;2014-04-18;8
1162;228;2014-04-19;15
1163;230;2014-04-20;5
1164;231;2014-04-21;10
1165;235;2014-04-22;24
1166;240;2014-04-23;31
1167;241;2014-04-24;38
1168;244;2014-04-25;56
1169;245;2014-04-26;6
1170;247;2014-04-27;12
1171;248;2014-04-28;26
1172;249;2014-04-29;33
1173;250;2014-04-30;40
1174;252;2014-04-01;58
1175;254;2014-04-02;11
1176;255;2014-04-03;20
1177;256;2014-04-04;25
1178;257;2014-04-25;32
1179;258;2014-04-26;39
1180;260;2014-04-27;57
1181;264;2014-04-28;23
1182;265;2014-04-29;52
1183;266;2014-04-30;45
1184;267;2014-04-01;14
1185;272;2014-04-02;27
1186;273;2014-04-03;34
1187;274;2014-04-04;46
1188;275;2014-04-13;13
1189;277;2014-04-14;22
1190;284;2014-04-15;30
1191;288;2014-04-16;37
1192;290;2014-04-17;42
1193;293;2014-04-13;43
1194;295;2014-04-14;51
1195;296;2014-04-15;59
1196;298;2014-04-16;3
1197;299;2014-04-17;18
1198;301;2014-04-05;21
1199;306;2014-04-06;53
1200;307;2014-04-07;17
1201;309;2014-04-08;29
1202;311;2014-04-09;36
1203;312;2014-04-10;44
1204;313;2014-04-11;50
1205;315;2014-04-12;9
1206;317;2014-04-13;19
1207;321;2014-04-14;28
1208;322;2014-04-15;35
1209;323;2014-04-16;41
1210;327;2014-04-17;49
1211;329;2014-04-18;55
1212;330;2014-04-19;16
1213;331;2014-04-20;4
1214;332;2014-04-21;2
1215;337;2014-04-22;47
1216;338;2014-04-23;54
1217;340;2014-04-24;1
1218;345;2014-04-25;48
1219;346;2014-04-26;7
1220;347;2014-04-27;60
1221;348;2014-04-28;8
1222;349;2014-04-29;15
1223;350;2014-04-30;5
1224;352;2014-04-17;10
1225;354;2014-04-18;24
1226;355;2014-04-19;31
1227;356;2014-04-20;38
1228;357;2014-04-21;56
1229;359;2014-04-22;6
1230;360;2014-04-23;12
1231;363;2014-04-24;26
1232;364;2014-04-25;33
1233;373;2014-04-26;40
1234;374;2014-04-27;58
1235;375;2014-04-03;11
1236;376;2014-04-04;20
1237;377;2014-04-05;25
1238;378;2014-04-06;32
1239;380;2014-04-07;39
1240;383;2014-04-08;57
1241;384;2014-04-09;23
1242;386;2014-04-10;52
1243;387;2014-04-11;45
1244;388;2014-04-12;14
1245;390;2014-04-13;27
1246;393;2014-04-14;34
1247;394;2014-04-15;46
1248;395;2014-04-16;13
1249;396;2014-04-17;22
1250;397;2014-04-18;30
1251;398;2014-04-03;37
1252;400;2014-04-04;42
1253;401;2014-04-05;43
1254;402;2014-04-06;51
1255;403;2014-04-07;59
1256;404;2014-04-08;3
1257;405;2014-04-09;18
1258;406;2014-04-10;21
1259;407;2014-04-11;53
1260;410;2014-04-12;17
1261;415;2014-04-13;29
1262;416;2014-04-14;36
1263;419;2014-04-15;44
1264;424;2014-04-16;50
1265;425;2014-04-17;9
1266;426;2014-04-18;19
1267;427;2014-04-19;28
1268;429;2014-04-20;35
1269;430;2014-04-21;41
1270;431;2014-04-22;49
1271;432;2014-04-23;55
1272;433;2014-04-24;16
1273;434;2014-04-25;4
1274;437;2014-04-26;2
1275;439;2014-04-27;47
1276;440;2014-04-03;54
1277;441;2014-04-04;1
1278;444;2014-04-05;48
1279;445;2014-04-06;7
1280;446;2014-04-07;60
1281;447;2014-04-08;8
1282;448;2014-04-09;15
1283;449;2014-04-10;5
1284;452;2014-04-11;10
1285;453;2014-04-12;24
1286;455;2014-04-13;31
1287;465;2014-04-14;38
1288;467;2014-04-15;56
1289;468;2014-04-16;6
1290;469;2014-04-17;12
1291;471;2014-04-18;26
1292;472;2014-04-19;33
1293;473;2014-04-20;40
1294;479;2014-04-21;58
1295;481;2014-04-22;11
1296;483;2014-04-23;20
1297;484;2014-04-24;25
1298;485;2014-04-25;32
1299;486;2014-04-26;39
1300;490;2014-04-27;9
1301;491;2014-04-28;19
1302;492;2014-04-29;28
1303;493;2014-04-30;35
1304;494;2014-04-25;41
1305;496;2014-04-26;49
1306;497;2014-04-27;55
1307;500;2014-04-03;16
1308;502;2014-04-04;4
1309;503;2014-04-05;2
1310;504;2014-04-06;47
1311;505;2014-04-07;54
1312;510;2014-04-08;1
1313;511;2014-04-09;48
1314;512;2014-04-10;7
1315;514;2014-04-11;60
1316;515;2014-04-12;8
1317;519;2014-04-13;15
1318;523;2014-04-14;5
1319;524;2014-04-15;10
1320;531;2014-04-16;24
1321;2;2014-04-17;11
1322;3;2014-04-18;20
1323;6;2014-04-19;25
1324;7;2014-04-20;32
1325;9;2014-04-21;39
1326;10;2014-04-22;11
1327;11;2014-04-23;20
1328;14;2014-04-24;25
1329;15;2014-04-25;32
1330;17;2014-04-26;39
1331;18;2014-04-27;57
1332;21;2014-04-28;57
1333;25;2014-04-29;23
1334;26;2014-04-30;52
1335;28;2014-04-23;23
1336;29;2014-04-24;3
1337;30;2014-04-25;18
1338;31;2014-04-26;21
1339;32;2014-04-27;53
1340;33;2014-04-03;52
1341;34;2014-04-04;17
1342;35;2014-04-05;32
1343;38;2014-04-06;9
1344;39;2014-04-07;19
1345;41;2014-04-08;28
1346;43;2014-04-09;35
1347;44;2014-04-10;41
1348;52;2014-04-11;49
1349;55;2014-04-12;55
1350;56;2014-04-13;16
1351;59;2014-04-14;4
1352;62;2014-04-15;11
1353;64;2014-04-16;20
1354;67;2014-04-17;25
1355;68;2014-04-18;32
1356;69;2014-04-03;39
1357;70;2014-04-04;57
1358;74;2014-04-05;3
1359;75;2014-04-06;18
1360;76;2014-04-07;21
1361;81;2014-04-08;53
1362;82;2014-04-09;3
1363;84;2014-04-10;18
1364;85;2014-04-11;21
1365;88;2014-04-12;53
1366;91;2014-04-13;1
1367;92;2014-04-14;48
1368;93;2014-04-15;1
1369;94;2014-04-16;1
1370;95;2014-04-17;48
1371;101;2014-04-18;57
1372;102;2014-04-19;3
1373;103;2014-04-20;18
1374;104;2014-04-21;21
1375;110;2014-04-22;53
1376;111;2014-04-23;3
1377;113;2014-04-24;18
1378;115;2014-04-25;21
1379;116;2014-04-26;53
1380;117;2014-04-27;3
1381;118;2014-04-03;18
1382;122;2014-04-04;21
1383;123;2014-04-05;53
1384;128;2014-04-06;3
1385;131;2014-04-07;18
1386;135;2014-04-08;21
1387;137;2014-04-09;53
1388;138;2014-04-10;3
1389;140;2014-04-11;18
1390;143;2014-04-12;21
1391;145;2014-04-13;53
1392;146;2014-04-14;1
1393;147;2014-04-15;48
1394;148;2014-04-16;1
1395;149;2014-04-17;48
1396;150;2014-04-18;1
1397;151;2014-04-19;48
1398;152;2014-04-20;1
1399;154;2014-04-21;48
1400;156;2014-04-22;1
1401;158;2014-04-23;48
1402;159;2014-04-24;3
1403;160;2014-04-25;18
1404;164;2014-04-26;21
1405;165;2014-04-27;53
1406;167;2014-04-28;3
1407;168;2014-04-29;18
1408;171;2014-04-30;21
1409;172;2014-04-25;53
1410;174;2014-04-26;3
1411;175;2014-04-27;18
1412;176;2014-04-03;21
1413;177;2014-04-04;53
1414;178;2014-04-05;3
1415;180;2014-04-06;18
1416;182;2014-04-07;21
1417;183;2014-04-08;53
1418;186;2014-04-09;3
1419;187;2014-04-10;18
1420;190;2014-04-11;21
1421;191;2014-04-12;53
1422;193;2014-04-13;3
1423;194;2014-04-14;18
1424;197;2014-04-15;21
1425;199;2014-04-16;53
1426;200;2014-04-17;3
1427;203;2014-04-18;18
1428;208;2014-04-19;21
1429;211;2014-04-20;53
1430;212;2014-04-21;3
1431;213;2014-04-22;18
1432;214;2014-04-23;21
1433;216;2014-04-24;53
1434;217;2014-04-25;3
1435;219;2014-04-26;18
1436;220;2014-04-27;21
1437;221;2014-04-28;53
1438;222;2014-04-29;3
1439;223;2014-04-30;18
1440;224;2014-04-17;21
1441;225;2014-04-18;53
1442;227;2014-04-19;3
1443;229;2014-04-20;18
1444;232;2014-04-21;21
1445;233;2014-04-22;53
1446;234;2014-04-23;3
1447;236;2014-04-24;18
1448;237;2014-04-25;21
1449;238;2014-04-26;53
1450;239;2014-04-27;3
1451;242;2014-04-03;18
1452;243;2014-04-04;21
1453;246;2014-04-05;53
1454;251;2014-04-06;3
1455;253;2014-04-07;18
1456;259;2014-04-08;21
1457;261;2014-04-09;53
1458;262;2014-04-10;3
1459;263;2014-04-11;18
1460;268;2014-04-12;21
1461;269;2014-04-13;53
1462;270;2014-04-14;3
1463;271;2014-04-15;18
1464;276;2014-04-16;21
1465;278;2014-04-17;53
1466;279;2014-04-18;3
1467;280;2014-04-03;18
1468;281;2014-04-04;21
1469;282;2014-04-05;53
1470;283;2014-04-06;3
1471;285;2014-04-07;18
1472;286;2014-04-08;21
1473;287;2014-04-09;53
1474;289;2014-04-10;3
1475;291;2014-04-11;18
1476;292;2014-04-12;21
1477;294;2014-04-13;53
1478;297;2014-04-14;3
1479;300;2014-04-15;18
1480;302;2014-04-16;21
1481;303;2014-04-17;53
1482;304;2014-04-18;3
1483;305;2014-04-19;18
1484;308;2014-04-20;21
1485;310;2014-04-21;53
1486;314;2014-04-22;3
1487;316;2014-04-23;18
1488;318;2014-04-24;21
1489;319;2014-04-25;53
1490;320;2014-04-26;3
1491;324;2014-04-27;18
1492;325;2014-04-03;21
1493;326;2014-04-04;53
1494;328;2014-04-05;3
1495;333;2014-04-06;18
1496;334;2014-04-07;21
1497;335;2014-04-08;53
1498;336;2014-04-09;3
1499;339;2014-04-10;18
1500;341;2014-04-11;21
1501;342;2014-04-12;53
1502;343;2014-04-13;1
1503;344;2014-04-14;48
1504;351;2014-04-15;1
1505;353;2014-04-16;48
1506;358;2014-04-17;1
1507;361;2014-04-18;48
1508;362;2014-04-19;1
1509;365;2014-04-20;48
1510;366;2014-04-21;1
1511;367;2014-04-22;48
1512;368;2014-04-23;1
1513;369;2014-04-24;48
1514;370;2014-04-25;1
1515;371;2014-04-26;48
1516;372;2014-04-27;1
1517;379;2014-04-28;48
1518;381;2014-04-29;1
1519;382;2014-04-30;48
1520;385;2014-04-25;1
1521;389;2014-04-26;48
1522;391;2014-04-27;1
1523;392;2014-04-03;48
1524;399;2014-04-04;1
1525;408;2014-04-05;48
1526;409;2014-04-06;1
1527;411;2014-04-07;48
1528;412;2014-04-08;1
1529;413;2014-04-09;48
1530;414;2014-04-10;1
1531;417;2014-04-11;48
1532;418;2014-04-12;1
1533;420;2014-04-13;48
1534;421;2014-04-14;1
1535;422;2014-04-15;48
1536;423;2014-04-16;1
1537;428;2014-04-17;48
1538;435;2014-04-18;1
1539;436;2014-04-19;48
1540;438;2014-04-20;1
1541;442;2014-04-21;48
1542;443;2014-04-22;57
1543;450;2014-04-23;32
1544;451;2014-04-24;39
1545;454;2014-04-25;57
1546;456;2014-04-26;3
1547;457;2014-04-27;18
1548;458;2014-04-28;21
1549;459;2014-04-29;53
1550;460;2014-04-30;3
1551;461;2014-04-01;18
1552;462;2014-04-02;21
1553;463;2014-04-03;53
1554;464;2014-04-04;1
1555;466;2014-04-13;48
1556;470;2014-04-14;1
1557;474;2014-04-15;1
1558;475;2014-04-16;48
1559;476;2014-04-17;57
1560;477;2014-04-18;3
1561;478;2014-04-19;18
1562;480;2014-04-20;21
1563;482;2014-04-21;53
1564;487;2014-04-22;3
1565;488;2014-04-23;18
1566;489;2014-04-24;21
1567;495;2014-04-25;53
1568;498;2014-04-26;3
1569;499;2014-04-27;18
1570;501;2014-04-28;21
1571;506;2014-04-29;53
1572;507;2014-04-30;3
1573;508;2014-04-01;18
1574;509;2014-04-02;21
1575;513;2014-04-03;53
1576;516;2014-04-04;3
1577;517;2014-04-25;18
1578;518;2014-04-26;21
1579;520;2014-04-27;53
1580;521;2014-04-28;1
1581;522;2014-04-29;48
1582;525;2014-04-30;1
1583;526;2014-04-01;48
1584;527;2014-04-02;1
1585;528;2014-04-03;48
1586;529;2014-04-04;1
1587;530;2014-04-13;48
1588;2;2014-04-14;1
1589;3;2014-04-15;48
1590;6;2014-04-16;3
1591;7;2014-04-17;18
1592;9;2014-04-13;21
1593;10;2014-04-14;53
1594;11;2014-04-15;3
1595;14;2014-04-16;18
1596;15;2014-04-17;21
1597;17;2014-04-05;53
1598;18;2014-04-06;3
1599;21;2014-04-07;18
1600;25;2014-04-08;21
1601;26;2014-04-09;53
1602;28;2014-04-10;3
1603;29;2014-04-11;18
1604;30;2014-04-12;21
1605;31;2014-04-13;53
1606;32;2014-04-14;3
1607;33;2014-04-15;18
1608;34;2014-04-16;21
1609;35;2014-04-17;53
1610;38;2014-04-18;3
1611;39;2014-04-19;18
1612;41;2014-04-20;21
1613;43;2014-04-21;53
1614;44;2014-04-22;3
1615;52;2014-04-23;18
1616;55;2014-04-24;21
1617;56;2014-04-25;53
1618;59;2014-04-26;3
1619;62;2014-04-27;18
1620;64;2014-04-28;21
1621;67;2014-04-29;53
1622;68;2014-04-30;3
1623;69;2014-04-17;18
1624;70;2014-04-18;21
1625;74;2014-04-19;53
1626;75;2014-04-20;3
1627;76;2014-04-21;18
1628;81;2014-04-22;21
1629;82;2014-04-23;53
1630;84;2014-04-24;3
1631;85;2014-04-25;18
1632;88;2014-04-26;21
1633;91;2014-04-27;53
1634;92;2014-04-03;3
1635;93;2014-04-04;18
1636;94;2014-04-05;21
1637;95;2014-04-06;53
1638;101;2014-04-07;3
1639;102;2014-04-08;18
1640;103;2014-04-09;21
1641;104;2014-04-10;53
1642;110;2014-04-11;3
1643;111;2014-04-12;18
1644;113;2014-04-13;21
1645;115;2014-04-14;53
1646;116;2014-04-15;3
1647;117;2014-04-16;18
1648;118;2014-04-17;21
1649;122;2014-04-18;53
1650;123;2014-04-03;3
1651;128;2014-04-04;18
1652;131;2014-04-05;21
1653;135;2014-04-06;53
1654;137;2014-04-07;3
1655;138;2014-04-08;18
1656;140;2014-04-09;21
1657;143;2014-04-10;53
1658;145;2014-04-11;3
1659;146;2014-04-12;18
1660;147;2014-04-13;21
1661;148;2014-04-14;53
1662;149;2014-04-15;3
1663;150;2014-04-16;18
1664;151;2014-04-17;21
1665;152;2014-04-18;53
1666;154;2014-04-19;3
1667;156;2014-04-20;18
1668;158;2014-04-21;21
1669;159;2014-04-22;53
1670;160;2014-04-23;3
1671;164;2014-04-24;18
1672;165;2014-04-25;21
1673;167;2014-04-26;53
1674;168;2014-04-27;3
1675;171;2014-04-03;18
1676;172;2014-04-04;21
1677;174;2014-04-05;53
1678;175;2014-04-06;3
1679;176;2014-04-07;18
1680;177;2014-04-08;21
1681;178;2014-04-09;53
1682;180;2014-04-10;3
1683;182;2014-04-11;18
1684;183;2014-04-12;21
1685;186;2014-04-13;53
1686;187;2014-04-14;3
1687;190;2014-04-15;18
1688;191;2014-04-16;21
1689;193;2014-04-17;53
1690;194;2014-04-18;1
1691;197;2014-04-19;48
1692;199;2014-04-20;1
1693;200;2014-04-21;48
1694;203;2014-04-22;1
1695;208;2014-04-23;48
1696;211;2014-04-24;1
1697;212;2014-04-25;48
1698;213;2014-04-26;1
1699;214;2014-04-27;48
1700;216;2014-04-28;1
1701;217;2014-04-29;48
1702;219;2014-04-30;1
1703;220;2014-04-25;48
1704;221;2014-04-26;1
1705;222;2014-04-27;48
1706;223;2014-04-03;1
1707;224;2014-04-04;48
1708;225;2014-04-05;1
1709;227;2014-04-06;48
1710;229;2014-04-07;1
1711;232;2014-04-08;48
1712;233;2014-04-09;1
1713;234;2014-04-10;48
1714;236;2014-04-11;1
1715;237;2014-04-12;48
1716;238;2014-04-13;1
1717;239;2014-04-14;48
1718;242;2014-04-15;1
1719;243;2014-04-16;48
1720;246;2014-04-17;1
1721;251;2014-04-18;48
1722;253;2014-04-19;1
1723;259;2014-04-20;48
1724;261;2014-04-21;1
1725;262;2014-04-22;48
1726;263;2014-04-23;1
1727;268;2014-04-24;48
1728;269;2014-04-25;1
1729;270;2014-04-26;48
1730;271;2014-04-27;57
1731;276;2014-04-28;32
1732;278;2014-04-29;39
1733;279;2014-04-30;57
1734;280;2014-04-23;3
1735;281;2014-04-24;18
1736;282;2014-04-25;21
1737;283;2014-04-26;53
1738;285;2014-04-27;3
1739;286;2014-04-03;18
1740;287;2014-04-04;21
1741;289;2014-04-05;53
1742;291;2014-04-06;1
1743;292;2014-04-07;48
1744;294;2014-04-08;1
1745;297;2014-04-09;1
1746;300;2014-04-10;48
1747;302;2014-04-11;57
1748;303;2014-04-12;3
1749;304;2014-04-13;18
1750;305;2014-04-14;21
1751;308;2014-04-15;53
1752;310;2014-04-16;3
1753;314;2014-04-17;18
1754;316;2014-04-18;21
1755;318;2014-04-03;53
1756;319;2014-04-04;3
1757;320;2014-04-05;18
1758;324;2014-04-06;21
1759;325;2014-04-07;53
1760;326;2014-04-08;3
1761;328;2014-04-09;18
1762;333;2014-04-10;21
1763;334;2014-04-11;53
1764;335;2014-04-12;3
1765;336;2014-04-13;18
1766;339;2014-04-14;21
1767;341;2014-04-15;53
1768;342;2014-04-16;1
1769;343;2014-04-17;48
1770;344;2014-04-18;1
1771;351;2014-04-19;48
1772;353;2014-04-20;1
1773;358;2014-04-21;48
1774;361;2014-04-22;1
1775;362;2014-04-23;48
1776;365;2014-04-24;1
1777;366;2014-04-25;48
1778;367;2014-04-26;3
1779;368;2014-04-27;18
1780;369;2014-04-03;21
1781;370;2014-04-04;53
1782;371;2014-04-05;3
1783;372;2014-04-06;18
1784;379;2014-04-07;21
1785;381;2014-04-08;53
1786;382;2014-04-09;3
1787;385;2014-04-10;18
1788;389;2014-04-11;21
1789;391;2014-04-12;53
1790;392;2014-04-13;3
1791;399;2014-04-14;18
1792;408;2014-04-15;21
1793;409;2014-04-16;53
1794;411;2014-04-17;3
1795;412;2014-04-18;18
1796;413;2014-04-19;21
1797;414;2014-04-20;53
1798;417;2014-04-21;3
1799;418;2014-04-22;18
1800;420;2014-04-23;21
1801;421;2014-04-24;53
1802;422;2014-04-25;3
1803;423;2014-04-26;18
1804;428;2014-04-27;21
1805;435;2014-04-28;53
1806;436;2014-04-29;3
1807;438;2014-04-30;18
1808;442;2014-04-25;21
1809;443;2014-04-26;53
1810;450;2014-04-27;3
1811;451;2014-04-03;18
1812;454;2014-04-04;21
1813;456;2014-04-05;53
1814;457;2014-04-06;3
1815;458;2014-04-07;18
1816;459;2014-04-08;21
1817;460;2014-04-09;53
1818;461;2014-04-10;3
1819;462;2014-04-11;18
1820;463;2014-04-12;21
1821;464;2014-04-13;53
1822;466;2014-04-14;3
1823;470;2014-04-15;18
1824;474;2014-04-16;21
1825;475;2014-04-17;53
1826;476;2014-04-18;3
1827;477;2014-04-19;18
1828;478;2014-04-20;21
1829;480;2014-04-21;53
1830;482;2014-04-22;3
1831;487;2014-04-23;18
1832;488;2014-04-24;21
1833;489;2014-04-25;53
1834;495;2014-04-26;3
1835;498;2014-04-27;18
1836;499;2014-04-28;21
1837;501;2014-04-29;53
1838;506;2014-04-30;3
1839;507;2014-04-17;18
1840;508;2014-04-18;21
1841;509;2014-04-19;53
1842;513;2014-04-20;3
1843;516;2014-04-21;18
1844;517;2014-04-22;21
1845;518;2014-04-23;53
1846;520;2014-04-24;3
1847;521;2014-04-25;18
1848;522;2014-04-26;21
1849;525;2014-04-27;53
1850;526;2014-04-03;3
1851;527;2014-04-04;18
1852;528;2014-04-05;21
1853;529;2014-04-06;53
1854;530;2014-04-07;3
1855;2;2014-04-08;18
1856;3;2014-04-09;21
1857;6;2014-04-10;53
1858;7;2014-04-11;3
1859;9;2014-04-12;18
1860;10;2014-04-13;21
1861;11;2014-04-14;53
1862;14;2014-04-15;3
1863;15;2014-04-16;18
1864;17;2014-04-17;21
1865;280;2014-04-18;53
1866;281;2014-04-03;3
1867;282;2014-04-04;18
1868;283;2014-04-05;21
1869;285;2014-04-06;53
1870;286;2014-04-07;3
1871;287;2014-04-08;18
1872;289;2014-04-09;21
1873;291;2014-04-10;53
1874;292;2014-04-11;3
1875;294;2014-04-12;18
1876;297;2014-04-13;21
1877;300;2014-04-14;53
1878;302;2014-04-15;1
1879;303;2014-04-16;48
1880;304;2014-04-17;1
1881;305;2014-04-18;48
1882;308;2014-04-19;1
1883;310;2014-04-20;48
1884;314;2014-04-21;1
1885;316;2014-04-22;48
1886;318;2014-04-23;1
1887;319;2014-04-24;48
1888;320;2014-04-25;1
1889;324;2014-04-26;48
1890;325;2014-04-27;1
1891;326;2014-04-03;48
1892;328;2014-04-04;1
1893;333;2014-04-05;48
1894;334;2014-04-06;1
1895;335;2014-04-07;48
1896;336;2014-04-08;1
1897;339;2014-04-09;48
1898;341;2014-04-10;1
1899;342;2014-04-11;48
1900;343;2014-04-12;1
1901;344;2014-04-13;48
1902;351;2014-04-14;1
1903;353;2014-04-15;48
1904;358;2014-04-16;1
1905;361;2014-04-17;48
1906;362;2014-04-18;1
1907;365;2014-04-19;48
1908;366;2014-04-20;1
1909;367;2014-04-21;48
1910;368;2014-04-22;1
1911;369;2014-04-23;48
1912;370;2014-04-24;1
1913;371;2014-04-25;48
1914;372;2014-04-26;1
1915;379;2014-04-27;48
1916;381;2014-04-28;1
1917;382;2014-04-29;48
1918;385;2014-04-30;57
1919;389;2014-04-25;1
1920;391;2014-04-26;48
1921;392;2014-04-27;48
1922;399;2014-04-03;16
1923;408;2014-04-04;4
1924;409;2014-04-05;11
1925;411;2014-04-06;20
1926;412;2014-04-07;25
1927;413;2014-04-08;32
1928;414;2014-04-09;39
1929;417;2014-04-10;57
1930;418;2014-04-11;57
1931;420;2014-04-12;23
1932;421;2014-04-13;52
1933;422;2014-04-14;23
1934;423;2014-04-15;3
1935;428;2014-04-16;18
1936;435;2014-04-17;21
1937;436;2014-04-18;53
1938;438;2014-04-19;52
1939;442;2014-04-20;17
1940;443;2014-04-21;32
1941;450;2014-04-22;9
1942;451;2014-04-23;19
1943;454;2014-04-24;28
1944;456;2014-04-25;35
1945;457;2014-04-26;41
1946;458;2014-04-27;49
1947;459;2014-04-28;55
1948;460;2014-04-29;16
1949;461;2014-04-30;4
1950;462;2014-04-01;11
1951;463;2014-04-02;20
1952;464;2014-04-03;25
1953;466;2014-04-04;32
1954;470;2014-04-13;39
1955;474;2014-04-14;57
1956;475;2014-04-15;3
1957;476;2014-04-16;18
1958;477;2014-04-17;21
1959;478;2014-04-18;53
1960;480;2014-04-19;3
1961;482;2014-04-20;18
1962;487;2014-04-21;21
1963;488;2014-04-22;53
1964;489;2014-04-23;1
1965;495;2014-04-24;48
1966;498;2014-04-25;1
1967;499;2014-04-26;1
1968;501;2014-04-27;48
1969;506;2014-04-28;57
1970;507;2014-04-29;3
1971;508;2014-04-30;18
1972;509;2014-04-01;21
1973;513;2014-04-02;53
1974;516;2014-04-03;3
1975;517;2014-04-04;18
1976;518;2014-04-25;21
1977;520;2014-04-26;53
1978;521;2014-04-27;3
1979;522;2014-04-28;18
1980;525;2014-04-29;21
1981;526;2014-04-30;53
1982;527;2014-04-01;3
1983;528;2014-04-02;18
1984;529;2014-04-03;21
1985;530;2014-04-04;53
1986;243;2014-04-13;3
1987;246;2014-04-14;18
1988;251;2014-04-15;21
1989;253;2014-04-16;53
1990;259;2014-04-17;1
1991;261;2014-04-13;48
1992;262;2014-04-14;1
1993;263;2014-04-15;48
1994;268;2014-04-16;1
1995;269;2014-04-17;53
1996;270;2014-04-01;1
1997;271;2014-04-02;48
1998;276;2014-04-03;1
1999;278;2014-04-04;48
2000;279;2014-04-05;1