id_stacji	id_drogi	id_sieci
1	1	6
2	1	10
3	1	10
4	1	1
5	1	10
6	1	5
7	1	8
8	1	2
9	1	10
10	1	1
11	1	4
12	1	8
13	1	8
14	1	3
15	1	7
16	1	1
17	1	4
18	1	10
19	1	1
20	1	4
21	1	6
22	1	2
23	1	3
24	1	3
25	1	7
26	1	4
27	1	4
28	1	8
29	1	9
30	1	4
31	1	9
32	1	8
33	1	2
34	1	2
35	1	6
36	1	2
37	1	6
38	1	8
39	1	3
40	1	10
41	1	5
42	1	6
43	1	6
44	1	9
45	1	2
46	1	3
47	1	1
48	1	10
49	1	2
50	1	1
51	1	5
52	1	8
53	1	5
54	1	3
55	1	9
56	1	10
57	1	9
58	1	10
59	2	8
60	2	4
61	2	8
62	2	6
63	2	2
64	2	5
65	2	10
66	2	5
67	2	1
68	2	7
69	2	1
70	2	6
71	2	3
72	2	3
73	2	3
74	2	2
75	2	7
76	2	9
77	2	10
78	2	7
79	2	9
80	2	9
81	2	5
82	2	2
83	2	2
84	2	8
85	2	10
86	2	2
87	2	9
88	2	4
89	2	7
90	2	5
91	2	7
92	2	9
93	2	3
94	2	8
95	2	3
96	2	6
97	2	4
98	2	9
99	2	5
100	2	5
101	2	1
102	2	8
103	2	7
104	2	5
105	2	4
106	2	5
107	2	5
108	2	10
109	2	5
110	2	9
111	2	5
112	2	5
113	2	7
114	2	4
115	2	8
116	2	3
117	2	10
118	2	3
119	2	5
120	2	7
121	3	4
122	3	6
123	3	5
124	3	5
125	3	1
126	3	5
127	3	9
128	3	8
129	3	10
130	3	3
131	3	7
132	3	7
133	3	10
134	3	6
135	3	8
136	3	6
137	3	8
138	3	2
139	3	6
140	3	6
141	3	1
142	3	1
143	3	1
144	3	3
145	3	1
146	3	2
147	3	1
148	3	2
149	3	3
150	3	6
151	3	3
152	3	7
153	3	1
154	3	3
155	3	10
156	3	6
157	3	1
158	3	8
159	3	3
160	3	9
161	3	8
162	3	1
163	3	2
164	3	4
165	3	4
166	3	6
167	3	5
168	3	1
169	4	6
170	4	1
171	4	7
172	4	3
173	4	7
174	4	6
175	4	3
176	4	6
177	4	2
178	4	6
179	4	7
180	4	1
181	4	10
182	4	1
183	4	10
184	4	10
185	4	2
186	4	10
187	4	1
188	4	3
189	4	3
190	4	1
191	4	8
192	4	5
193	4	5
194	4	9
195	4	1
196	4	2
197	4	2
198	4	5
199	4	6
200	4	6
201	4	3
202	4	7
203	4	7
204	4	6
205	4	4
206	4	4
207	4	5
208	4	5
209	4	3
210	4	6
211	4	1
212	4	5
213	4	4
214	4	7
215	4	2
216	4	10
217	4	2
218	4	6
219	4	7
220	4	9
221	4	8
222	4	2
223	4	8
224	4	6
225	4	6
226	4	7
227	4	5
228	4	5
229	4	7
230	4	4
231	4	1
232	4	3
233	4	5
234	4	8
235	4	5
236	5	8
237	5	2
238	5	7
239	5	7
240	5	9
241	5	6
242	5	8
243	5	4
244	5	10
245	5	2
246	5	3
247	5	3
248	5	3
249	5	2
250	5	10
251	5	10
252	5	7
253	5	3
254	5	2
255	5	7
256	5	9
257	5	6
258	5	4
259	5	4
260	5	1
261	5	8
262	5	2
263	5	9
264	5	10
265	5	1
266	5	9
267	5	1
268	5	9
269	5	9
270	5	8
271	5	8
272	6	10
273	6	10
274	6	5
275	6	5
276	6	4
277	6	6
278	6	6
279	6	5
280	6	1
281	6	8
282	6	2
283	6	10
284	6	1
285	6	7
286	6	2
287	6	1
288	6	3
289	6	10
290	6	3
291	6	8
292	6	1
293	6	3
294	6	9
295	6	8
296	6	5
297	6	3
298	6	3
299	6	6
300	6	7
301	6	8
302	6	4
303	6	1
304	6	4
305	6	4
306	6	9
307	7	1
308	7	7
309	7	5
310	7	7
311	7	3
312	7	10
313	7	7
314	7	9
315	7	3
316	7	5
317	7	2
318	7	7
319	7	6
320	7	6
321	7	3
322	7	10
323	7	5
324	7	9
325	7	1
326	7	8
327	7	2
328	7	8
329	7	3
330	7	7
331	7	3
332	7	5
333	7	8
334	7	7
335	7	5
336	7	4
337	7	5
338	7	1
339	7	5
340	7	2
341	7	6
342	7	6
343	7	9
344	7	2
345	7	10
346	7	2
347	7	6
348	7	2
349	7	10
350	7	6
351	7	4
352	7	5
353	7	8
354	7	5
355	7	2
356	7	7
357	7	9
358	7	4
359	7	5
360	7	2
361	7	10
362	7	9
363	7	7
364	7	4
365	7	10
366	7	5
367	7	6
368	7	1
369	7	5
370	7	7
371	7	4
372	7	8
373	7	6
374	7	2
375	7	10
376	7	5
377	8	8
378	8	5
379	8	4
380	8	9
381	8	6
382	8	10
383	8	10
384	8	10
385	8	4
386	8	6
387	8	8
388	8	2
389	8	1
390	8	6
391	8	3
392	8	1
393	8	8
394	8	4
395	8	7
396	8	9
397	8	3
398	8	7
399	8	1
400	8	4
401	8	10
402	8	8
403	8	2
404	8	8
405	8	4
406	8	5
407	8	9
408	8	6
409	8	8
410	8	2
411	8	5
412	8	10
413	8	3
414	8	10
415	8	9
416	8	3
417	8	6
418	8	8
419	8	4
420	8	9
421	8	5
422	8	1
423	8	2
424	8	9
425	8	8
426	8	1
427	8	6
428	8	10
429	8	7
430	8	7
431	8	1
432	8	1
433	8	3
434	8	6
435	8	4
436	8	5
437	8	7
438	8	10
439	8	1
440	8	3
441	8	9
442	8	7
443	8	3
444	8	2
445	8	5
446	8	2
447	8	2
448	8	1
449	8	2
450	8	7
451	8	1
452	8	8
453	8	1
454	8	6
455	8	10
456	8	5
457	8	2
458	8	3
459	8	9
460	8	3
461	8	9
462	9	5
463	9	6
464	9	3
465	9	9
466	9	2
467	9	5
468	9	5
469	9	10
470	9	3
471	9	7
472	9	8
473	9	3
474	9	3
475	9	10
476	9	10
477	9	5
478	9	6
479	9	10
480	9	3
481	10	9
482	10	1
483	10	8
484	10	8
485	10	6
486	10	5
487	10	1
488	10	10
489	10	5
490	10	1
491	10	3
492	10	8
493	10	8
494	10	9
495	10	3
496	10	9
497	10	2
498	10	7
499	10	3
500	10	10
501	10	10
502	10	5
503	10	5
504	10	6
505	10	9
506	10	2
507	10	8
508	10	6
509	10	1
510	10	1
511	10	10
512	10	1
513	10	1
514	10	5
515	10	2
516	10	1
517	10	5
518	10	10
519	10	4
520	10	2
521	10	8
522	10	8
523	10	1
524	10	5
525	10	1
526	10	9
527	11	2
528	11	10
529	11	5
530	11	10
531	11	8
532	11	4
533	11	8
534	11	2
535	11	9
536	11	7
537	11	7
538	11	3
539	11	3
540	11	6
541	11	4
542	11	7
543	11	7
544	11	3
545	11	8
546	11	1
547	11	10
548	11	7
549	11	3
550	11	1
551	11	4
552	11	1
553	11	2
554	11	4
555	11	10
556	11	4
557	11	10
558	11	10
559	11	3
560	11	9
561	11	8
562	11	10
563	11	10
564	11	10
565	11	5
566	11	4
567	11	5
568	11	9
569	11	5
570	11	5
571	11	6
572	11	5
573	11	9
574	11	8
575	11	5
576	11	10
577	11	4
578	11	2
579	11	9
580	11	5
581	11	9
582	12	4
583	12	2
584	12	4
585	12	5
586	12	5
587	12	5
588	12	4
589	12	7
590	12	6
591	12	2
592	12	1
593	12	8
594	12	5
595	12	2
596	12	9
597	12	10
598	12	4
599	12	5
600	12	6
601	12	3
602	12	7
603	12	4
604	12	9
605	12	5
606	12	2
607	12	10
608	12	10
609	12	6
610	12	1
611	12	10
612	12	8
613	12	10
614	12	8
615	12	2
616	12	8
617	12	4
618	12	5
619	12	5
620	12	5
621	12	7
622	12	3
623	12	4
624	12	8
625	12	2
626	12	6
627	12	6
628	12	2
629	12	5
630	12	7
631	12	3
632	12	10
633	12	3
634	12	6
635	12	1
636	12	10
637	12	4
638	12	10
639	12	7
640	12	4
641	12	5
642	12	6
643	12	1
644	12	7
645	12	6
646	12	4
647	12	5
648	12	4
649	12	9
650	12	7
651	12	6
652	12	8
653	12	9
654	12	9
655	12	7
656	12	2
657	13	1
658	14	4
659	14	5
660	14	1
661	14	7
662	14	2
663	14	1
664	14	3
665	14	2
666	15	9
667	15	2
668	15	6
669	15	7
670	15	3
671	15	1
672	15	5
673	15	10
674	15	9
675	15	2
676	15	3
677	15	6
678	15	1
679	15	10
680	15	10
681	15	3
682	15	3
683	15	4
684	15	10
685	15	4
686	15	6
687	15	6
688	15	4
689	15	6
690	15	2
691	15	6
692	15	4
693	15	3
694	15	10
695	15	2
696	15	6
697	15	5
698	15	3
699	15	4
700	15	4
701	15	5
702	15	2
703	16	1
704	16	6
705	16	10
706	16	7
707	16	3
708	16	6
709	16	2
710	16	8
711	16	6
712	16	1
713	16	3
714	16	6
715	16	4
716	16	2
717	16	1
718	16	10
719	16	9
720	16	5
721	16	2
722	16	2
723	16	8
724	16	5
725	16	6
726	16	7
727	16	4
728	16	8
729	16	8
730	16	6
731	16	4
732	16	4
733	16	10
734	16	6
735	16	6
736	16	7
737	16	5
738	16	9
739	16	7
740	16	5
741	16	8
742	17	3
743	17	3
744	17	5
745	17	1
746	17	3
747	17	3
748	17	5
749	17	1
750	17	1
751	17	8
752	17	9
753	17	4
754	17	2
755	17	8
756	17	4
757	17	9
758	17	6
759	17	6
760	17	8
761	17	3
762	17	10
763	17	3
764	17	7
765	17	3
766	17	7
767	17	2
768	17	2
769	17	5
770	17	3
771	17	1
772	17	9
773	17	3
774	17	6
775	18	9
776	18	1
777	18	7
778	18	1
779	18	6
780	18	5
781	18	3
782	19	5
783	19	4
784	19	5
785	19	10
786	19	5
787	19	7
788	19	1
789	19	7
790	19	1
791	19	4
792	19	10
793	19	10
794	19	1
795	19	6
796	19	2
797	19	7
798	19	4
799	19	5
800	19	6
801	19	7
802	19	5
803	19	9
804	19	10
805	19	10
806	19	4
807	19	4
808	19	7
809	19	1
810	19	10
811	19	9
812	19	8
813	19	9
814	19	6
815	19	9
816	19	7
817	19	2
818	19	6
819	19	1
820	19	2
821	19	2
822	19	8
823	19	3
824	19	10
825	19	6
826	19	7
827	19	4
828	19	7
829	19	2
830	19	1
831	19	1
832	19	3
833	19	8
834	19	3
835	19	2
836	19	2
837	19	1
838	19	5
839	19	9
840	19	4
841	19	4
842	20	10
843	20	2
844	20	6
845	20	1
846	20	9
847	20	2
848	20	6
849	20	10
850	20	2
851	20	5
852	20	8
853	20	6
854	20	1
855	20	7
856	20	8
857	20	10
858	20	9
859	20	2
860	20	8
861	20	1
862	20	9
863	20	10
864	20	2
865	20	8
866	20	5
867	20	6
868	20	3
869	20	9
870	20	7
871	20	4
872	20	10
873	21	7
874	21	9
875	21	10
876	21	7
877	21	2
878	21	2
879	21	10
880	21	1
881	22	1
882	22	7
883	22	5
884	22	8
885	22	7
886	22	6
887	23	1
888	23	3
889	23	7
890	24	4
891	24	3
892	24	10
893	24	8
894	24	2
895	24	6
896	24	6
897	25	4
898	25	4
899	25	10
900	25	8
901	25	8
902	25	9
903	25	5
904	25	10
905	25	10
906	25	7
907	25	9
908	25	8
909	25	2
910	25	5
911	25	1
912	25	10
913	25	8
914	25	3
915	25	5
916	25	1
917	25	5
918	25	1
919	25	4
920	25	7
921	25	8
922	25	1
923	25	10
924	25	9
925	25	1
926	25	1
927	25	6
928	25	6
929	25	8
930	25	6
931	25	8
932	25	2
933	25	5
934	25	7
935	25	3
936	25	4
937	25	8
938	26	5
939	26	1
940	26	7
941	26	5
942	26	9
943	27	2
944	27	4
945	27	6
946	27	2
947	27	4
948	27	4
949	27	10
950	28	1
951	28	7
952	28	4
953	28	5
954	28	2
955	28	2
956	28	4
957	28	5
958	28	9
959	28	4
960	28	1
961	28	4
962	28	9
963	28	1
964	28	10
965	28	10
966	28	8
967	28	2
968	28	9
969	28	9
970	28	5
971	28	10
972	28	9
973	28	4
974	28	7
975	28	8
976	28	2
977	28	8
978	28	9
979	28	5
980	28	2
981	28	9
982	28	3
983	28	2
984	28	3
985	29	3
986	29	3
987	29	6
988	29	10
989	29	10
990	30	3
991	30	9
992	30	7
993	30	1
994	30	10
995	30	7
996	31	10
997	31	5
998	31	7
999	31	6
1000	31	6
1001	31	10
1002	31	4
1003	31	6
1004	31	4
1005	31	2
1006	31	3
1007	31	1
1008	31	6
1009	32	7
1010	32	9
1011	32	5
1012	32	2
1013	32	1
1014	32	7
1015	32	3
1016	32	5
1017	32	1
1018	32	7
1019	32	6
1020	32	9
1021	32	8
1022	32	4
1023	32	10
1024	33	1
1025	33	1
1026	33	3
1027	33	8
1028	35	3
1029	35	4
1030	35	4
1031	35	4
1032	35	7
1033	35	9
1034	35	1
1035	35	5
1036	35	7
1037	36	4
1038	36	6
1039	36	8
1040	36	5
1041	36	9
1042	36	6
1043	36	7
1044	36	6
1045	36	9
1046	36	10
1047	36	8
1048	36	4
1049	36	8
1050	36	6
1051	36	5
1052	37	1
1053	38	7
1054	38	6
1055	38	9
1056	38	1
1057	39	8
1058	39	4
1059	39	6
1060	39	6
1061	39	1
1062	39	7
1063	39	7
1064	39	2
1065	39	8
1066	39	2
1067	39	6
1068	40	7
1069	40	7
1070	40	6
1071	40	1
1072	40	10
1073	40	1
1074	40	1
1075	40	7
1076	40	1
1077	40	9
1078	41	7
1079	41	2
1080	41	9
1081	42	7
1082	42	4
1083	42	8
1084	42	1
1085	42	8
1086	42	10
1087	42	3
1088	42	7
1089	42	7
1090	42	6
1091	42	2
1092	42	6
1093	42	8
1094	42	2
1095	42	3
1096	42	5
1097	42	2
1098	42	5
1099	42	8
1100	42	1
1101	42	4
1102	42	10
1103	42	3
1104	42	5
1105	42	2
1106	42	8
1107	42	5
1108	43	8
1109	43	10
1110	43	7
1111	43	8
1112	43	5
1113	43	5
1114	43	7
1115	44	4
1116	44	7
1117	44	4
1118	44	7
1119	44	2
1120	44	9
1121	44	9
1122	44	7
1123	44	2
1124	44	9
1125	45	1
1126	45	6
1127	45	5
1128	45	7
1129	45	8
1130	45	6
1131	45	10
1132	45	5
1133	45	5
1134	45	1
1135	45	5
1136	45	5
1137	45	9
1138	45	10
1139	45	8
1140	45	2
1141	45	8
1142	45	1
1143	45	2
1144	45	8
1145	45	3
1146	46	10
1147	46	9
1148	46	6
1149	46	10
1150	46	7
1151	46	4
1152	46	6
1153	46	1
1154	46	3
1155	46	2
1156	46	8
1157	46	5
1158	46	2
1159	46	2
1160	46	3
1161	46	9
1162	46	9
1163	46	7
1164	46	9
1165	46	7
1166	46	8
1167	46	8
1168	46	10
1169	46	2
1170	46	7
1171	46	6
1172	46	10
1173	47	9
1174	47	5
1175	47	5
1176	47	3
1177	48	6
1178	48	9
1179	48	1
1180	48	9
1181	48	8
1182	48	2
1183	48	5
1184	48	2
1185	48	3
1186	48	1
1187	48	10
1188	48	1
1189	48	7
1190	48	9
1191	48	7
1192	48	5
1193	48	3
1194	48	3
1195	48	6
1196	48	10
1197	49	3
1198	49	6
1199	50	2
1200	50	8
1201	50	3
1202	50	1
1203	50	10
1204	50	9
1205	50	10
1206	50	1
1207	50	5
1208	50	7
1209	50	10
1210	50	1
1211	50	1
1212	50	3
1213	50	8
1214	50	2
1215	50	8
1216	50	10
1217	50	10
1218	50	4
1219	50	5
1220	50	10
1221	50	4
1222	50	7
1223	50	6
1224	50	10
1225	50	4
1226	50	2
1227	50	5
1228	51	8
1229	51	1
1230	51	1
1231	51	3
1232	51	7
1233	51	2
1234	51	10
1235	51	3
1236	51	10
1237	51	1
1238	51	6
1239	51	9
1240	52	3
1241	52	8
1242	52	7
1243	52	8
1244	52	4
1245	52	1
1246	52	4
1247	53	8
1248	53	9
1249	53	6
1250	53	6
1251	53	1
1252	53	3
1253	53	2
1254	53	7
1255	53	5
1256	53	5
1257	53	8
1258	53	5
1259	54	9
1260	55	3
1261	55	10
1262	55	10
1263	55	5
1264	55	2
1265	55	9
1266	55	1
1267	55	9
1268	55	8
1269	55	8
1270	55	9
1271	55	2
1272	56	5
1273	56	8
1274	57	9
1275	57	8
1276	57	4
1277	57	6
1278	57	4
1279	57	7
1280	57	9
1281	57	9
1282	57	7
1283	57	9
1284	57	6
1285	57	2
1286	57	9
1287	57	5
1288	57	4
1289	57	7
1290	57	7
1291	57	8
1292	58	5
1293	58	9
1294	58	6
1295	58	4
1296	58	6
1297	58	1
1298	58	10
1299	58	4
1300	58	4
1301	58	4
1302	58	2
1303	58	8
1304	58	4
1305	58	5
1306	59	1
1307	59	1
1308	59	10
1309	59	6
1310	59	4
1311	59	3
1312	59	10
1313	59	5
1314	59	7
1315	60	2
1316	60	7
1317	60	3
1318	60	7
1319	60	8
1320	60	5
1321	60	1
1322	60	4
1323	60	1
1324	60	8
1325	60	8
1326	60	8
1327	60	7
1328	60	10
1329	60	2
1330	60	5
1331	60	9
1332	60	4
1333	60	7
1334	60	6
1335	60	4
1336	60	6
1337	60	3
1338	60	4
1339	61	2
1340	61	5
1341	61	2
1342	61	8
1343	61	1
1344	61	6
1345	61	5
1346	61	9
1347	61	6
1348	61	2
1349	61	4
1350	61	4
1351	61	8
1352	61	10
1353	61	4
1354	61	6
1355	61	2
1356	61	6
1357	61	2
1358	61	10
1359	61	1
1360	61	5
1361	61	9
1362	61	4
1363	61	7
1364	62	4
1365	62	8
1366	62	7
1367	62	4
1368	62	6
1369	62	4
1370	62	3
1371	62	5
1372	62	8
1373	62	2
1374	62	6
1375	62	5
1376	62	1
1377	62	7
1378	62	7
1379	62	4
1380	62	4
1381	62	4
1382	62	2
1383	62	9
1384	62	1
1385	62	6
1386	62	7
1387	62	1
1388	62	1
1389	62	9
1390	62	4
1391	62	5
1392	62	1
1393	62	4
1394	62	1
1395	62	4
1396	62	6
1397	62	3
1398	62	2
1399	62	6
1400	63	6
1401	63	5
1402	63	6
1403	63	6
1404	63	6
1405	63	5
1406	63	3
1407	63	2
1408	63	2
1409	63	8
1410	63	1
1411	63	3
1412	63	7
1413	63	2
1414	63	4
1415	63	4
1416	63	6
1417	63	2
1418	63	3
1419	63	2
1420	63	7
1421	63	10
1422	63	7
1423	63	4
1424	63	3
1425	63	10
1426	63	5
1427	63	1
1428	63	9
1429	63	7
1430	63	1
1431	63	10
1432	63	9
1433	63	1
1434	63	6
1435	63	3
1436	63	8
1437	63	1
1438	63	5
1439	63	7
1440	63	6
1441	64	1
1442	64	8
1443	64	5
1444	64	4
1445	65	9
1446	65	10
1447	65	10
1448	65	4
1449	65	8
1450	65	2
1451	65	3
1452	65	7
1453	65	2
1454	65	10
1455	65	10
1456	65	9
1457	65	3
1458	65	8
1459	65	3
1460	65	5
1461	65	4
1462	65	8
1463	65	3
1464	65	3
1465	65	2
1466	65	8
1467	66	8
1468	66	5
1469	66	1
1470	66	6
1471	66	3
1472	66	6
1473	66	2
1474	66	8
1475	66	8
1476	66	2
1477	66	10
1478	67	4
1479	67	10
1480	68	8
1481	69	10
1482	69	8
1483	69	6
1484	69	10
1485	70	10
1486	70	7
1487	70	9
1488	70	9
1489	70	5
1490	71	2
1491	71	10
1492	71	9
1493	71	5
1494	71	4
1495	72	1
1496	72	7
1497	72	3
1498	72	1
1499	72	2
1500	72	2
1501	72	2
1502	72	10
1503	72	10
1504	72	3
1505	72	8
1506	72	5
1507	72	8
1508	72	6
1509	72	9
1510	72	4
1511	72	5
1512	73	1
1513	73	9
1514	73	10
1515	73	7
1516	73	6
1517	73	9
1518	73	10
1519	73	6
1520	73	1
1521	73	7
1522	73	3
1523	73	10
1524	73	6
1525	73	8
1526	73	4
1527	73	1
1528	73	9
1529	73	6
1530	73	2
1531	74	1
1532	74	4
1533	74	4
1534	74	8
1535	74	9
1536	74	7
1537	74	5
1538	74	10
1539	74	6
1540	74	4
1541	74	9
1542	74	3
1543	74	2
1544	74	6
1545	74	9
1546	74	8
1547	74	3
1548	74	2
1549	74	10
1550	74	1
1551	74	5
1552	74	10
1553	74	7
1554	74	8
1555	74	1
1556	74	1
1557	74	4
1558	74	7
1559	74	8
1560	74	8
1561	74	1
1562	74	5
1563	74	2
1564	74	1
1565	74	10
1566	74	3
1567	74	3
1568	74	4
1569	74	1
1570	74	7
1571	74	2
1572	74	10
1573	74	4
1574	74	7
1575	74	8
1576	74	10
1577	74	3
1578	74	9
1579	74	6
1580	75	3
1581	75	7
1582	75	1
1583	75	10
1584	75	2
1585	75	6
1586	75	7
1587	75	6
1588	75	10
1589	75	1
1590	75	8
1591	75	10
1592	75	10
1593	76	4
1594	76	5
1595	76	10
1596	76	6
1597	76	2
1598	76	3
1599	76	6
1600	77	3
1601	77	2
1602	77	9
1603	77	4
1604	77	9
1605	77	8
1606	77	2
1607	77	7
1608	77	2
1609	77	6
1610	77	10
1611	77	7
1612	77	10
1613	77	4
1614	77	6
1615	77	5
1616	78	9
1617	78	8
1618	78	6
1619	78	8
1620	78	2
1621	78	3
1622	78	8
1623	78	4
1624	78	2
1625	78	7
1626	78	8
1627	78	9
1628	78	2
1629	78	10
1630	78	7
1631	78	1
1632	78	5
1633	78	5
1634	78	6
1635	78	3
1636	78	8
1637	78	9
1638	78	10
1639	79	4
1640	79	7
1641	79	8
1642	79	5
1643	79	4
1644	79	4
1645	79	3
1646	79	9
1647	79	2
1648	79	9
1649	79	5
1650	79	6
1651	79	8
1652	79	2
1653	79	7
1654	79	9
1655	79	2
1656	79	3
1657	79	8
1658	79	9
1659	79	2
1660	79	3
1661	79	7
1662	79	1
1663	79	9
1664	79	8
1665	79	3
1666	79	7
1667	79	1
1668	79	6
1669	79	10
1670	79	2
1671	79	8
1672	79	4
1673	79	3
1674	79	7
1675	79	10
1676	79	7
1677	79	6
1678	79	5
1679	79	3
1680	79	7
1681	79	6
1682	79	8
1683	79	4
1684	80	4
1685	80	9
1686	80	2
1687	80	5
1688	80	2
1689	80	6
1690	81	2
1691	81	10
1692	81	5
1693	81	10
1694	81	2
1695	81	8
1696	82	9
1697	82	1
1698	82	4
1699	82	9
1700	82	8
1701	82	10
1702	82	9
1703	82	6
1704	83	5
1705	83	7
1706	83	4
1707	83	5
1708	83	2
1709	84	6
1710	84	4
1711	84	10
1712	84	2
1713	86	2
1714	86	1
1715	86	5
1716	87	10
1717	87	1
1718	88	6
1719	88	3
1720	88	2
1721	88	8
1722	88	6
1723	89	3
1724	90	3
1725	91	1
1726	91	8
1727	91	9
1728	91	3
1729	91	6
1730	91	4
1731	91	6
1732	91	7
1733	91	6
1734	91	10
1735	91	5
1736	91	1
1737	91	7
1738	91	7
1739	91	5
1740	91	1
1741	91	2
1742	91	5
1743	91	2
1744	91	5
1745	91	10
1746	91	4
1747	91	8
1748	91	1
1749	91	10
1750	91	7
1751	91	6
1752	91	9
1753	91	2
1754	91	10
1755	91	5
1756	91	5
1757	91	1
1758	91	5
1759	91	1
1760	91	6
1761	91	9
1762	91	2
1763	91	9
1764	91	4
1765	91	9
1766	91	4
1767	91	1
1768	91	9
1769	92	7
1770	92	9
1771	92	6
1772	92	3
1773	92	3
1774	92	3
1775	92	2
1776	92	10
1777	92	10
1778	92	10
1779	92	10
1780	92	2
1781	92	6
1782	92	5
1783	92	2
1784	92	6
1785	92	5
1786	92	6
1787	92	6
1788	92	2
1789	92	10
1790	92	4
1791	92	10
1792	92	10
1793	92	7
1794	92	2
1795	92	10
1796	92	1
1797	92	2
1798	92	7
1799	92	4
1800	92	1
1801	92	2
1802	92	9
1803	92	10
1804	92	10
1805	92	8
1806	92	1
1807	92	8
1808	92	10
1809	92	3
1810	92	10
1811	92	7
1812	92	10
1813	92	4
1814	92	5
1815	92	6
1816	93	2
1817	94	4
1818	94	6
1819	94	9
1820	94	3
1821	94	9
1822	94	7
1823	94	3
1824	94	8
1825	94	5
1826	94	9
1827	94	3
1828	94	10
1829	94	7
1830	94	9
1831	94	4
1832	94	3
1833	94	3
1834	94	7
1835	94	7
1836	94	1
1837	94	3
1838	94	4
1839	94	7
1840	94	10
1841	94	1
1842	94	5
1843	94	2
1844	94	8
1845	94	5
1846	94	2
1847	94	4
1848	94	4
1849	94	3
1850	94	8
1851	94	10
1852	94	3
1853	94	10
1854	94	8
1855	94	4
1856	94	8
1857	94	10
1858	94	5
1859	94	10
1860	94	10
1861	94	10
1862	94	6
1863	94	7
1864	94	6
1865	94	7
1866	94	6
1867	94	10
1868	94	5
1869	94	3
1870	94	6
1871	94	9
1872	94	5
1873	94	4
1874	94	8
1875	94	2
1876	94	3
1877	94	2
1878	94	10
1879	94	3
1880	98	5
1881	98	8
1882	100	5
1883	102	1
1884	102	6
1885	102	10
1886	102	9
1887	102	7
1888	102	10
1889	102	4
1890	102	2
1891	102	5
1892	103	5
1893	103	6
1894	103	4
1895	105	9
1896	105	8
1897	105	7
1898	105	8
1899	106	6
1900	106	9
1901	106	10
1902	106	3
1903	106	3
1904	106	9
1905	106	4
1906	106	3
1907	106	9
1908	106	7
1909	107	2
1910	107	8
1911	108	10
1912	108	10
1913	108	3
1914	109	2
1915	109	10
1916	109	4
1917	110	9
1918	110	3
1919	111	1
1920	112	8
1921	112	3
1922	112	7
1923	112	3
1924	113	3
1925	114	7
1926	114	4
1927	114	2
1928	114	9
1929	115	7
1930	115	2
1931	115	7
1932	117	10
1933	119	4
1934	121	4
1935	121	7
1936	121	10
1937	122	3
1938	122	7
1939	122	3
1940	122	8
1941	122	9
1942	122	8
1943	122	5
1944	123	5
1945	124	1
1946	124	6
1947	125	5
1948	125	4
1949	125	5
1950	126	3
1951	126	2
1952	126	4
1953	126	4
1954	127	4
1955	127	5
1956	128	3
1957	128	2
1958	130	8
1959	130	6
1960	131	4
1961	132	1
1962	132	9
1963	132	5
1964	132	10
1965	138	8
1966	138	2
1967	138	3
1968	138	8
1969	138	4
1970	138	6
1971	138	9
1972	138	7
1973	140	4
1974	140	4
1975	141	6
1976	142	6
1977	142	4
1978	142	7
1979	142	6
1980	144	2
1981	144	6
1982	144	5
1983	145	6
1984	146	5
1985	146	3
1986	146	6
1987	147	5
1988	147	3
1989	147	6
1990	148	1
1991	148	7
1992	148	10
1993	149	9
1994	150	1
1995	150	2
1996	151	7
1997	151	2
1998	151	7
1999	151	6
2000	151	3
2001	151	1
2002	151	7
2003	151	8
2004	151	1
2005	151	3
2006	151	6
2007	151	6
2008	151	1
2009	152	9
2010	152	7
2011	152	4
2012	152	6
2013	152	5
2014	156	2
2015	156	2
2016	156	2
2017	156	1
2018	156	2
2019	156	5
2020	157	6
2021	158	10
2022	158	4
2023	158	3
2024	158	5
2025	158	7
2026	159	5
2027	160	9
2028	160	6
2029	160	6
2030	160	9
2031	160	5
2032	160	7
2033	160	6
2034	160	6
2035	160	2
2036	160	2
2037	160	9
2038	160	10
2039	160	3
2040	160	1
2041	161	9
2042	162	10
2043	162	10
2044	162	8
2045	162	7
2046	162	6
2047	162	8
2048	163	7
2049	163	5
2050	163	6
2051	163	8
2052	163	1
2053	163	3
2054	163	6
2055	163	7
2056	163	6
2057	163	3
2058	163	8
2059	163	3
2060	163	2
2061	164	6
2062	167	10
2063	167	5
2064	167	3
2065	167	9
2066	168	1
2067	168	5
2068	168	9
2069	168	6
2070	169	3
2071	169	8
2072	169	4
2073	171	9
2074	171	7
2075	171	10
2076	171	4
2077	171	4
2078	172	7
2079	172	10
2080	172	10
2081	172	8
2082	173	2
2083	173	6
2084	173	3
2085	174	10
2086	174	4
2087	174	7
2088	174	1
2089	174	9
2090	175	8
2091	175	10
2092	175	5
2093	175	5
2094	175	10
2095	175	3
2096	177	3
2097	177	1
2098	177	2
2099	177	1
2100	177	9
2101	177	10
2102	177	1
2103	177	4
2104	178	4
2105	178	4
2106	178	4
2107	178	3
2108	178	5
2109	178	2
2110	178	8
2111	178	7
2112	179	2
2113	179	4
2114	179	3
2115	179	2
2116	180	7
2117	180	8
2118	180	9
2119	180	6
2120	181	5
2121	181	6
2122	181	7
2123	181	7
2124	181	9
2125	183	9
2126	183	6
2127	185	7
2128	186	7
2129	186	3
2130	186	3
2131	188	4
2132	188	4
2133	188	9
2134	188	10
2135	188	3
2136	188	4
2137	189	6
2138	189	2
2139	189	10
2140	189	3
2141	190	6
2142	190	9
2143	190	10
2144	190	5
2145	190	10
2146	190	5
2147	190	4
2148	190	4
2149	190	3
2150	190	4
2151	191	4
2152	191	1
2153	191	4
2154	193	6
2155	193	3
2156	196	5
2157	196	9
2158	196	2
2159	196	8
2160	196	4
2161	201	1
2162	201	5
2163	201	8
2164	202	4
2165	203	5
2166	203	2
2167	203	10
2168	203	9
2169	203	7
2170	203	2
2171	205	5
2172	205	8
2173	205	6
2174	205	9
2175	205	6
2176	205	9
2177	205	8
2178	205	2
2179	206	4
2180	206	9
2181	206	9
2182	206	4
2183	206	2
2184	206	4
2185	208	10
2186	208	10
2187	209	5
2188	209	10
2189	209	4
2190	209	10
2191	209	1
2192	209	1
2193	210	1
2194	210	3
2195	210	2
2196	211	3
2197	211	7
2198	211	4
2199	211	4
2200	211	6
2201	211	10
2202	211	4
2203	212	1
2204	212	1
2205	212	5
2206	212	3
2207	212	4
2208	212	6
2209	212	4
2210	212	1
2211	212	2
2212	212	6
2213	212	4
2214	213	3
2215	213	10
2216	213	7
2217	213	4
2218	213	5
2219	213	4
2220	213	7
2221	213	2
2222	213	1
2223	213	2
2224	214	5
2225	214	6
2226	214	7
2227	214	4
2228	214	9
2229	214	9
2230	214	4
2231	214	1
2232	214	10
2233	214	4
2234	214	5
2235	214	7
2236	214	3
2237	214	1
2238	214	8
2239	214	4
2240	214	1
2241	215	1
2242	215	1
2243	216	3
2244	216	4
2245	216	3
2246	216	3
2247	216	10
2248	218	2
2249	218	8
2250	218	4
2251	218	3
2252	218	7
2253	218	8
2254	221	10
2255	221	10
2256	221	8
2257	221	10
2258	222	10
2259	222	3
2260	222	9
2261	222	5
2262	222	4
2263	222	7
2264	224	6
2265	224	7
2266	224	5
2267	224	8
2268	224	9
2269	224	2
2270	224	10
2271	224	3
2272	224	8
2273	224	1
2274	224	1
2275	226	5
2276	226	4
2277	226	10
2278	226	4
2279	227	9
2280	228	6
2281	228	6
2282	228	2
2283	228	5
2284	228	10
2285	229	2
2286	229	3
2287	233	2
2288	234	1
2289	234	3
2290	235	5
2291	235	9
2292	235	4
2293	235	7
2294	235	5
2295	236	7
2296	236	1
2297	237	1
2298	237	8
2299	237	9
2300	237	7
2301	237	1
2302	238	1
2303	238	5
2304	240	6
2305	240	2
2306	240	6
2307	240	8
2308	240	1
2309	240	6
2310	241	8
2311	241	7
2312	241	6
2313	241	6
2314	241	3
2315	241	6
2316	241	9
2317	241	1
2318	241	10
2319	241	3
2320	241	9
2321	241	1
2322	241	5
2323	241	7
2324	242	10
2325	242	4
2326	243	5
2327	243	5
2328	244	4
2329	244	6
2330	244	2
2331	244	9
2332	246	10
2333	246	9
2334	246	6
2335	246	2
2336	246	4
2337	246	9
2338	246	6
2339	246	8
2340	247	5
2341	250	10
2342	251	5
2343	251	6
2344	251	10
2345	251	2
2346	251	4
2347	251	9
2348	251	8
2349	252	7
2350	252	5
2351	252	6
2352	252	10
2353	252	3
2354	253	4
2355	254	2
2356	254	7
2357	254	1
2358	254	9
2359	254	4
2360	255	5
2361	255	2
2362	256	3
2363	258	8
2364	260	8
2365	260	4
2366	260	6
2367	262	6
2368	262	9
2369	263	9
2370	263	1
2371	263	8
2372	263	8
2373	263	1
2374	263	7
2375	263	5
2376	263	10
2377	263	3
2378	263	4
2379	264	1
2380	264	10
2381	265	2
2382	265	4
2383	265	1
2384	265	4
2385	266	9
2386	266	7
2387	266	6
2388	266	9
2389	266	8
2390	266	5
2391	266	8
2392	266	1
2393	266	8
2394	266	7
2395	267	8
2396	267	10
2397	267	8
2398	268	4
2399	269	1
2400	269	9
2401	269	6
2402	269	9
2403	269	4
2404	270	4
2405	270	7
2406	270	5
2407	270	10
2408	270	9
2409	272	2
2410	272	4
2411	273	7
2412	276	2
2413	276	5
2414	276	7
2415	276	2
2416	277	9
2417	278	2
2418	278	8
2419	278	3
2420	278	5
2421	278	1
2422	278	1
2423	278	3
2424	278	4
2425	279	5
2426	279	8
2427	279	8
2428	279	6
2429	279	8
2430	280	8
2431	281	10
2432	282	6
2433	282	3
2434	283	4
2435	283	7
2436	283	4
2437	285	6
2438	285	4
2439	286	5
2440	287	8
2441	287	7
2442	287	2
2443	287	4
2444	287	4
2445	288	4
2446	288	2
2447	289	8
2448	289	3
2449	289	5
2450	289	5
2451	290	10
2452	292	3
2453	292	5
2454	292	10
2455	292	1
2456	292	1
2457	292	6
2458	292	1
2459	292	1
2460	292	10
2461	292	4
2462	293	9
2463	294	2
2464	294	5
2465	295	4
2466	295	3
2467	296	4
2468	296	8
2469	296	1
2470	296	9
2471	296	7
2472	296	5
2473	296	1
2474	296	10
2475	297	6
2476	297	10
2477	297	3
2478	297	6
2479	297	6
2480	297	2
2481	297	5
2482	297	4
2483	297	5
2484	297	2
2485	297	8
2486	300	8
2487	301	6
2488	302	8
2489	302	10
2490	302	2
2491	303	1
2492	303	4
2493	303	2
2494	303	3
2495	304	8
2496	304	1
2497	305	7
2498	305	6
2499	305	4
2500	305	3
2501	305	8
2502	305	2
2503	305	1
2504	305	1
2505	305	9
2506	306	8
2507	306	1
2508	306	7
2509	306	5
2510	306	10
2511	307	1
2512	307	4
2513	307	1
2514	307	6
2515	307	3
2516	308	7
2517	308	9
2518	308	3
2519	308	4
2520	308	3
2521	308	2
2522	308	6
2523	309	7
2524	310	3
2525	310	8
2526	312	4
2527	312	10
2528	313	5
2529	313	2
2530	314	4
2531	315	1
2532	315	5
2533	315	8
2534	315	9
2535	316	7
2536	318	7
2537	319	10
2538	319	2
2539	321	3
2540	321	7
2541	321	8
2542	323	3
2543	323	8
2544	323	8
2545	323	10
2546	323	1
2547	323	9
2548	324	1
2549	324	2
2550	324	3
2551	324	8
2552	325	7
2553	325	3
2554	328	3
2555	328	4
2556	328	8
2557	328	2
2558	328	4
2559	328	2
2560	328	6
2561	328	1
2562	328	10
2563	328	6
2564	328	8
2565	329	4
2566	330	8
2567	330	5
2568	331	4
2569	331	4
2570	331	1
2571	334	3
2572	334	4
2573	335	10
2574	335	9
2575	336	2
2576	338	9
2577	338	10
2578	338	8
2579	339	7
2580	339	10
2581	340	6
2582	340	6
2583	340	3
2584	340	7
2585	340	3
2586	340	3
2587	340	1
2588	340	7
2589	341	3
2590	341	7
2591	341	5
2592	342	2
2593	342	2
2594	342	2
2595	345	10
2596	345	2
2597	346	5
2598	346	3
2599	346	4
2600	346	5
2601	346	1
2602	346	4
2603	347	8
2604	347	5
2605	350	5
2606	350	3
2607	350	2
2608	350	6
2609	350	6
2610	350	2
2611	350	7
2612	351	2
2613	351	1
2614	352	3
2615	352	3
2616	352	2
2617	353	5
2618	357	2
2619	357	3
2620	357	10
2621	357	9
2622	357	8
2623	358	6
2624	358	2
2625	360	6
2626	361	10
2627	362	7
2628	362	9
2629	363	3
2630	363	3
2631	363	7
2632	363	1
2633	363	8
2634	363	3
2635	363	5
2636	364	6
2637	364	4
2638	364	6
2639	364	4
2640	364	8
2641	364	2
2642	365	10
2643	365	1
2644	365	10
2645	366	8
2646	366	4
2647	367	1
2648	367	3
2649	367	2
2650	367	4
2651	367	6
2652	369	1
2653	372	8
2654	374	10
2655	374	3
2656	375	4
2657	375	4
2658	376	4
2659	378	6
2660	378	7
2661	379	9
2662	379	9
2663	381	10
2664	381	5
2665	381	3
2666	381	6
2667	381	9
2668	382	8
2669	382	6
2670	382	9
2671	382	6
2672	382	6
2673	382	9
2674	382	2
2675	382	4
2676	383	5
2677	383	8
2678	384	6
2679	384	5
2680	384	10
2681	385	2
2682	385	9
2683	385	4
2684	385	4
2685	385	2
2686	385	1
2687	385	5
2688	385	3
2689	385	5
2690	385	3
2691	387	4
2692	387	9
2693	387	8
2694	388	9
2695	388	9
2696	388	9
2697	389	4
2698	389	1
2699	389	8
2700	389	10
2701	390	2
2702	390	9
2703	391	3
2704	392	5
2705	392	2
2706	392	3
2707	392	10
2708	393	6
2709	394	10
2710	395	6
2711	395	8
2712	395	5
2713	395	9
2714	395	4
2715	395	9
2716	395	7
2717	396	3
2718	396	7
2719	396	7
2720	396	7
2721	396	10
2722	401	5
2723	401	4
2724	401	9
2725	401	4
2726	405	2
2727	406	6
2728	406	9
2729	407	6
2730	407	2
2731	407	5
2732	408	1
2733	408	2
2734	408	4
2735	408	1
2736	409	1
2737	409	8
2738	409	4
2739	409	5
2740	411	8
2741	411	10
2742	414	8
2743	414	2
2744	414	5
2745	414	4
2746	414	1
2747	415	7
2748	416	8
2749	416	3
2750	416	10
2751	416	4
2752	416	2
2753	416	4
2754	416	4
2755	417	3
2756	417	9
2757	417	1
2758	417	10
2759	417	5
2760	419	3
2761	420	6
2762	421	4
2763	421	5
2764	423	6
2765	423	10
2766	423	4
2767	423	6
2768	425	3
2769	425	9
2770	426	3
2771	426	8
2772	426	10
2773	429	5
2774	430	10
2775	431	9
2776	431	10
2777	431	2
2778	431	5
2779	432	3
2780	432	8
2781	432	4
2782	432	9
2783	432	5
2784	432	8
2785	432	7
2786	432	9
2787	433	5
2788	434	5
2789	434	5
2790	434	5
2791	434	5
2792	434	6
2793	434	2
2794	434	3
2795	434	8
2796	434	6
2797	434	6
2798	434	2
2799	435	10
2800	436	8
2801	438	8
2802	438	8
2803	439	10
2804	439	10
2805	439	6
2806	441	1
2807	442	6
2808	442	9
2809	442	10
2810	442	1
2811	442	9
2812	442	4
2813	442	6
2814	443	8
2815	443	1
2816	443	5
2817	443	7
2818	443	6
2819	443	4
2820	444	9
2821	444	10
2822	444	2
2823	444	8
2824	444	4
2825	445	6
2826	447	4
2827	448	1
2828	448	2
2829	448	5
2830	448	9
2831	449	7
2832	449	1
2833	449	1
2834	449	7
2835	449	1
2836	449	2
2837	449	10
2838	450	5
2839	450	3
2840	450	6
2841	450	1
2842	450	3
2843	450	7
2844	450	7
2845	451	7
2846	451	8
2847	451	5
2848	454	3
2849	454	8
2850	454	6
2851	454	3
2852	454	2
2853	455	10
2854	455	9
2855	455	1
2856	457	4
2857	457	9
2858	457	10
2859	458	5
2860	458	1
2861	458	7
2862	459	6
2863	460	6
2864	461	4
2865	462	10
2866	463	2
2867	463	3
2868	463	5
2869	466	5
2870	466	10
2871	467	3
2872	467	10
2873	468	8
2874	468	9
2875	469	5
2876	469	6
2877	469	9
2878	470	3
2879	470	4
2880	470	4
2881	470	4
2882	470	3
2883	470	4
2884	471	9
2885	471	7
2886	471	1
2887	473	3
2888	473	9
2889	473	8
2890	473	4
2891	473	2
2892	473	1
2893	473	2
2894	473	2
2895	478	10
2896	479	4
2897	479	3
2898	481	9
2899	481	6
2900	481	4
2901	481	8
2902	481	5
2903	484	1
2904	484	10
2905	484	2
2906	484	2
2907	485	8
2908	485	1
2909	485	1
2910	486	8
2911	486	2
2912	487	6
2913	487	2
2914	487	9
2915	487	2
2916	491	10
2917	491	7
2918	491	7
2919	492	3
2920	492	8
2921	492	6
2922	492	9
2923	494	4
2924	494	7
2925	494	7
2926	494	10
2927	494	2
2928	494	2
2929	494	7
2930	501	10
2931	501	2
2932	501	10
2933	501	3
2934	501	7
2935	501	10
2936	502	10
2937	503	6
2938	503	5
2939	503	10
2940	504	9
2941	504	10
2942	504	2
2943	504	7
2944	506	5
2945	509	8
2946	509	8
2947	509	2
2948	509	5
2949	510	7
2950	510	4
2951	511	1
2952	511	3
2953	511	1
2954	512	4
2955	512	10
2956	512	1
2957	512	2
2958	513	2
2959	513	5
2960	513	2
2961	513	6
2962	513	2
2963	513	9
2964	513	6
2965	513	6
2966	513	6
2967	517	4
2968	518	5
2969	519	2
2970	519	5
2971	519	10
2972	519	7
2973	520	4
2974	521	4
2975	521	7
2976	521	2
2977	521	7
2978	521	6
2979	522	4
2980	522	4
2981	522	1
2982	522	2
2983	523	10
2984	524	6
2985	525	8
2986	526	10
2987	526	4
2988	526	3
2989	527	5
2990	527	9
2991	527	8
2992	527	3
2993	527	5
2994	527	3
2995	527	7
2996	528	8
2997	528	3
2998	528	8
2999	530	10
3000	530	5
3001	530	3
3002	530	7
3003	531	5
3004	532	5
3005	532	5
3006	534	1
3007	534	3
3008	534	9
3009	534	2
3010	534	1
3011	534	7
3012	534	8
3013	534	5
3014	536	4
3015	537	5
3016	537	2
3017	537	10
3018	537	3
3019	538	7
3020	538	2
3021	538	10
3022	538	6
3023	538	10
3024	538	8
3025	538	6
3026	538	10
3027	538	1
3028	538	8
3029	538	5
3030	539	4
3031	540	3
3032	541	3
3033	541	2
3034	541	1
3035	541	1
3036	541	8
3037	541	10
3038	541	4
3039	541	2
3040	541	2
3041	541	9
3042	541	5
3043	541	1
3044	543	6
3045	543	2
3046	543	8
3047	543	10
3048	543	7
3049	544	8
3050	544	6
3051	544	3
3052	544	6
3053	544	9
3054	544	8
3055	544	2
3056	544	4
3057	544	7
3058	544	1
3059	544	6
3060	544	7
3061	544	3
3062	544	8
3063	544	1
3064	544	9
3065	545	3
3066	545	2
3067	545	2
3068	545	10
3069	545	9
3070	546	2
3071	550	6
3072	550	3
3073	551	10
3074	551	5
3075	551	9
3076	551	5
3077	551	10
3078	551	4
3079	552	1
3080	553	3
3081	553	5
3082	554	4
3083	554	2
3084	554	9
3085	554	6
3086	556	7
3087	557	9
3088	557	10
3089	557	6
3090	558	6
3091	559	10
3092	559	7
3093	559	5
3094	559	8
3095	560	10
3096	560	2
3097	560	7
3098	560	7
3099	560	1
3100	560	6
3101	560	3
3102	561	6
3103	561	9
3104	562	2
3105	562	1
3106	562	3
3107	562	7
3108	563	9
3109	563	10
3110	563	9
3111	563	8
3112	563	8
3113	563	8
3114	567	9
3115	567	1
3116	569	4
3117	570	10
3118	571	5
3119	571	2
3120	571	7
3121	571	8
3122	571	2
3123	573	5
3124	573	9
3125	573	9
3126	573	6
3127	574	4
3128	575	3
3129	575	10
3130	575	9
3131	575	8
3132	575	2
3133	575	7
3134	575	6
3135	577	1
3136	577	1
3137	577	10
3138	577	1
3139	579	2
3140	579	7
3141	579	1
3142	579	8
3143	579	2
3144	580	3
3145	580	4
3146	580	4
3147	580	8
3148	580	7
3149	580	7
3150	580	1
3151	581	8
3152	581	9
3153	583	2
3154	584	1
3155	584	10
3156	590	1
3157	590	3
3158	590	1
3159	590	8
3160	590	10
3161	590	7
3162	591	7
3163	591	8
3164	591	3
3165	591	4
3166	591	5
3167	591	5
3168	592	9
3169	592	1
3170	592	7
3171	592	2
3172	592	6
3173	592	3
3174	592	3
3175	593	2
3176	593	10
3177	593	4
3178	593	4
3179	593	8
3180	593	10
3181	593	3
3182	594	10
3183	594	6
3184	594	1
3185	595	10
3186	596	1
3187	596	3
3188	597	6
3189	598	6
3190	598	7
3191	600	10
3192	600	6
3193	600	1
3194	600	6
3195	603	2
3196	604	5
3197	604	7
3198	604	3
3199	607	5
3200	609	7
3201	610	1
3202	614	7
3203	614	9
3204	614	4
3205	615	2
3206	615	8
3207	615	9
3208	616	8
3209	616	9
3210	616	7
3211	616	7
3212	617	6
3213	617	10
3214	620	8
3215	620	8
3216	621	2
3217	621	2
3218	623	5
3219	626	10
3220	626	7
3221	626	8
3222	627	4
3223	627	7
3224	627	7
3225	627	6
3226	627	1
3227	627	3
3228	627	7
3229	627	4
3230	627	8
3231	630	7
3232	631	6
3233	631	1
3234	631	5
3235	631	10
3236	632	8
3237	632	10
3238	632	1
3239	632	10
3240	632	6
3241	632	4
3242	632	2
3243	633	8
3244	634	4
3245	634	10
3246	634	8
3247	634	10
3248	634	1
3249	636	9
3250	636	7
3251	637	8
3252	637	2
3253	637	3
3254	637	7
3255	637	7
3256	637	7
3257	637	1
3258	642	9
3259	642	9
3260	643	2
3261	643	2
3262	645	1
3263	645	9
3264	645	2
3265	645	2
3266	645	6
3267	647	10
3268	647	4
3269	647	1
3270	647	9
3271	648	2
3272	648	8
3273	648	8
3274	648	1
3275	649	9
3276	650	1
3277	650	1
3278	650	6
3279	650	10
3280	650	5
3281	650	7
3282	650	3
3283	650	5
3284	651	4
3285	651	8
3286	651	5
3287	651	3
3288	651	4
3289	651	7
3290	651	1
3291	651	9
3292	652	8
3293	652	3
3294	652	2
3295	652	5
3296	653	2
3297	653	4
3298	653	3
3299	653	2
3300	653	9
3301	653	1
3302	653	8
3303	655	2
3304	655	3
3305	655	8
3306	655	3
3307	655	2
3308	655	1
3309	655	1
3310	655	9
3311	655	7
3312	655	7
3313	655	2
3314	655	4
3315	656	8
3316	656	8
3317	656	6
3318	656	8
3319	659	2
3320	659	7
3321	661	6
3322	667	3
3323	667	4
3324	668	2
3325	668	2
3326	668	6
3327	668	9
3328	668	8
3329	670	3
3330	670	10
3331	670	2
3332	670	1
3333	670	10
3334	670	1
3335	670	8
3336	671	5
3337	671	4
3338	671	5
3339	671	9
3340	671	3
3341	671	7
3342	671	8
3343	671	1
3344	671	3
3345	674	6
3346	674	5
3347	676	2
3348	676	3
3349	676	1
3350	676	9
3351	676	4
3352	677	7
3353	677	5
3354	677	5
3355	677	9
3356	678	7
3357	678	9
3358	678	7
3359	678	2
3360	678	7
3361	681	1
3362	681	10
3363	681	7
3364	681	10
3365	681	4
3366	682	3
3367	683	5
3368	683	7
3369	689	10
3370	689	1
3371	689	2
3372	689	7
3373	690	9
3374	690	10
3375	690	4
3376	690	6
3377	690	4
3378	691	3
3379	691	9
3380	693	3
3381	693	10
3382	693	8
3383	694	3
3384	694	6
3385	694	2
3386	694	7
3387	694	9
3388	696	10
3389	696	2
3390	697	4
3391	698	5
3392	698	7
3393	698	10
3394	698	4
3395	698	1
3396	698	3
3397	698	5
3398	698	2
3399	698	4
3400	701	9
3401	704	10
3402	704	9
3403	704	2
3404	708	7
3405	708	9
3406	708	4
3407	710	4
3408	710	3
3409	710	5
3410	710	10
3411	710	4
3412	710	5
3413	710	8
3414	713	6
3415	713	10
3416	713	2
3417	713	5
3418	713	8
3419	713	10
3420	713	5
3421	714	1
3422	715	2
3423	715	10
3424	716	2
3425	716	1
3426	716	7
3427	718	9
3428	719	5
3429	719	9
3430	719	9
3431	719	3
3432	719	4
3433	719	3
3434	720	4
3435	721	6
3436	721	3
3437	721	2
3438	721	3
3439	722	10
3440	722	3
3441	723	5
3442	724	4
3443	724	4
3444	725	9
3445	725	9
3446	725	9
3447	726	6
3448	726	6
3449	726	3
3450	726	5
3451	726	2
3452	726	9
3453	727	2
3454	727	4
3455	727	3
3456	727	8
3457	727	8
3458	727	7
3459	728	4
3460	728	6
3461	728	6
3462	728	3
3463	728	1
3464	728	4
3465	728	7
3466	728	2
3467	728	7
3468	728	4
3469	728	6
3470	728	8
3471	728	1
3472	728	5
3473	728	3
3474	730	3
3475	730	3
3476	730	7
3477	730	4
3478	731	2
3479	731	8
3480	731	2
3481	733	7
3482	733	9
3483	733	10
3484	733	8
3485	733	2
3486	733	8
3487	736	7
3488	736	3
3489	737	5
3490	737	9
3491	737	10
3492	738	1
3493	738	10
3494	739	8
3495	740	10
3496	740	6
3497	740	3
3498	742	7
3499	742	3
3500	742	3
3501	742	10
3502	742	3
3503	742	1
3504	742	4
3505	742	3
3506	744	9
3507	744	9
3508	744	5
3509	744	8
3510	745	10
3511	746	4
3512	747	3
3513	747	2
3514	747	8
3515	747	2
3516	747	10
3517	747	3
3518	747	6
3519	747	8
3520	747	2
3521	748	6
3522	749	1
3523	749	2
3524	750	2
3525	751	10
3526	751	8
3527	751	8
3528	751	7
3529	751	2
3530	752	1
3531	752	9
3532	753	6
3533	753	7
3534	754	3
3535	754	1
3536	754	6
3537	754	2
3538	754	7
3539	755	10
3540	755	10
3541	755	8
3542	756	9
3543	756	5
3544	756	1
3545	756	4
3546	756	7
3547	756	4
3548	756	6
3549	757	6
3550	757	7
3551	757	7
3552	757	10
3553	757	9
3554	758	9
3555	758	6
3556	758	5
3557	762	7
3558	762	10
3559	763	4
3560	764	3
3561	764	2
3562	764	3
3563	764	6
3564	764	4
3565	764	3
3566	764	7
3567	764	6
3568	765	4
3569	765	8
3570	765	10
3571	765	1
3572	765	6
3573	766	9
3574	766	3
3575	766	6
3576	766	3
3577	767	4
3578	768	8
3579	768	4
3580	768	8
3581	768	4
3582	768	1
3583	768	1
3584	768	3
3585	768	10
3586	768	9
3587	770	4
3588	773	1
3589	773	5
3590	773	1
3591	775	3
3592	775	3
3593	775	6
3594	776	4
3595	776	10
3596	776	3
3597	776	4
3598	776	3
3599	776	8
3600	776	7
3601	776	5
3602	776	4
3603	777	10
3604	777	2
3605	780	7
3606	780	2
3607	780	4
3608	780	4
3609	780	1
3610	781	3
3611	781	7
3612	781	4
3613	781	3
3614	781	6
3615	781	1
3616	783	5
3617	783	9
3618	783	3
3619	783	2
3620	783	1
3621	783	1
3622	784	8
3623	784	8
3624	784	3
3625	785	8
3626	785	10
3627	785	3
3628	786	3
3629	786	1
3630	786	3
3631	786	10
3632	786	5
3633	786	8
3634	786	9
3635	786	5
3636	786	1
3637	786	8
3638	786	3
3639	786	4
3640	787	6
3641	787	1
3642	789	6
3643	789	1
3644	789	4
3645	789	10
3646	789	10
3647	789	5
3648	790	10
3649	790	8
3650	790	10
3651	791	7
3652	791	7
3653	791	9
3654	791	7
3655	791	8
3656	791	9
3657	791	2
3658	791	7
3659	792	4
3660	793	5
3661	793	4
3662	793	3
3663	793	6
3664	794	6
3665	794	9
3666	794	4
3667	794	10
3668	794	2
3669	794	4
3670	794	7
3671	794	10
3672	794	3
3673	795	7
3674	796	8
3675	796	6
3676	801	10
3677	801	1
3678	801	4
3679	801	10
3680	801	8
3681	801	1
3682	801	2
3683	801	5
3684	801	7
3685	801	4
3686	801	2
3687	801	8
3688	802	5
3689	802	2
3690	802	7
3691	803	6
3692	803	1
3693	803	8
3694	803	7
3695	805	2
3696	805	9
3697	805	8
3698	806	6
3699	806	4
3700	808	6
3701	808	9
3702	808	7
3703	809	1
3704	809	4
3705	809	1
3706	809	9
3707	809	10
3708	811	2
3709	811	3
3710	811	10
3711	811	10
3712	812	1
3713	812	9
3714	812	2
3715	812	5
3716	812	9
3717	812	8
3718	812	9
3719	812	2
3720	812	7
3721	812	9
3722	812	2
3723	812	1
3724	812	9
3725	812	2
3726	812	10
3727	813	7
3728	813	1
3729	813	8
3730	813	5
3731	813	7
3732	813	2
3733	813	8
3734	813	3
3735	813	4
3736	814	7
3737	814	10
3738	815	7
3739	815	5
3740	815	5
3741	815	2
3742	815	10
3743	815	6
3744	816	4
3745	816	3
3746	816	4
3747	816	2
3748	816	3
3749	816	1
3750	816	4
3751	816	10
3752	816	3
3753	816	9
3754	816	1
3755	816	2
3756	816	8
3757	816	9
3758	816	4
3759	816	3
3760	818	2
3761	818	9
3762	818	5
3763	818	1
3764	819	10
3765	819	8
3766	819	6
3767	819	2
3768	819	3
3769	819	4
3770	819	6
3771	820	6
3772	820	4
3773	820	1
3774	821	9
3775	824	3
3776	824	5
3777	824	7
3778	824	3
3779	824	10
3780	824	6
3781	824	1
3782	824	8
3783	825	3
3784	826	7
3785	827	5
3786	828	1
3787	828	2
3788	829	3
3789	829	6
3790	829	5
3791	829	4
3792	830	5
3793	830	3
3794	830	3
3795	830	7
3796	832	2
3797	833	9
3798	833	6
3799	834	4
3800	834	6
3801	834	1
3802	835	10
3803	835	8
3804	835	1
3805	835	4
3806	835	3
3807	835	7
3808	835	9
3809	835	3
3810	835	6
3811	835	5
3812	835	1
3813	835	6
3814	835	9
3815	835	10
3816	835	10
3817	835	8
3818	835	2
3819	835	2
3820	835	5
3821	835	3
3822	835	7
3823	835	9
3824	836	7
3825	836	8
3826	837	6
3827	837	9
3828	837	1
3829	837	2
3830	837	7
3831	837	9
3832	838	10
3833	838	4
3834	839	6
3835	839	4
3836	839	9
3837	841	8
3838	841	8
3839	842	2
3840	842	10
3841	842	1
3842	842	4
3843	842	4
3844	842	9
3845	846	8
3846	846	7
3847	846	7
3848	846	5
3849	854	8
3850	854	2
3851	855	2
3852	855	4
3853	855	1
3854	856	9
3855	858	6
3856	858	4
3857	858	1
3858	858	1
3859	858	8
3860	858	4
3861	858	4
3862	861	8
3863	861	7
3864	861	10
3865	862	2
3866	863	9
3867	863	2
3868	863	6
3869	863	4
3870	863	1
3871	863	5
3872	865	2
3873	865	3
3874	865	4
3875	865	10
3876	865	2
3877	865	10
3878	865	9
3879	866	10
3880	867	3
3881	867	4
3882	867	1
3883	867	4
3884	867	8
3885	867	5
3886	867	10
3887	867	7
3888	870	2
3889	870	7
3890	871	10
3891	871	4
3892	871	10
3893	872	7
3894	872	5
3895	872	10
3896	872	1
3897	872	6
3898	872	1
3899	875	6
3900	875	1
3901	875	2
3902	875	1
3903	875	2
3904	875	5
3905	875	4
3906	876	1
3907	876	1
3908	877	10
3909	877	4
3910	877	6
3911	877	5
3912	877	8
3913	877	10
3914	878	10
3915	878	5
3916	880	2
3917	881	8
3918	881	5
3919	881	1
3920	881	2
3921	881	9
3922	881	5
3923	881	2
3924	884	10
3925	884	8
3926	884	6
3927	884	9
3928	884	5
3929	884	1
3930	886	4
3931	886	7
3932	887	8
3933	887	4
3934	887	10
3935	889	2
3936	889	10
3937	889	9
3938	892	3
3939	892	3
3940	893	1
3941	893	4
3942	893	6
3943	894	9
3944	894	8
3945	894	1
3946	894	9
3947	895	9
3948	896	9
3949	896	7
3950	896	1
3951	896	7
3952	897	1
3953	897	6
3954	897	1
3955	897	2
3956	897	9
3957	897	1
3958	897	6
3959	897	7
3960	897	7
3961	897	4
3962	897	5
3963	898	9
3964	901	1
3965	901	8
3966	901	7
3967	901	3
3968	901	4
3969	901	6
3970	901	8
3971	904	2
3972	905	9
3973	906	9
3974	906	8
3975	907	10
3976	907	5
3977	907	3
3978	907	6
3979	907	9
3980	908	10
3981	908	6
3982	908	6
3983	908	2
3984	916	9
3985	919	8
3986	919	4
3987	919	8
3988	920	10
3989	921	5
3990	921	7
3991	921	4
3992	923	10
3993	925	10
3994	925	8
3995	925	9
3996	925	6
3997	928	3
3998	929	8
3999	933	4
4000	933	1
4001	933	10
4002	933	10
4003	933	8
4004	933	10
4005	933	4
4006	933	1
4007	933	4
4008	934	9
4009	935	5
4010	935	8
4011	935	8
4012	935	1
4013	935	2
4014	935	5
4015	937	9
4016	937	2
4017	938	1
4018	938	4
4019	939	1
4020	942	7
4021	942	9
4022	942	3
4023	942	9
4024	943	10
4025	945	2
4026	945	3
4027	946	3
4028	946	2
4029	946	10
4030	948	1
4031	948	7
4032	948	2
4033	948	5
4034	949	10
4035	949	8
4036	953	3
4037	956	7
4038	956	8
4039	957	1
4040	957	6
4041	957	8
4042	957	5
4043	957	1
4044	957	6
4045	957	3
4046	958	1
4047	958	5
4048	958	8
4049	958	9
4050	958	5
4051	960	4
4052	964	6
4053	964	8
4054	964	6
4055	964	4
4056	964	3
4057	964	8
4058	964	4
4059	964	1
4060	964	8
4061	964	10
4062	965	3
4063	965	9
4064	965	5
4065	965	8
4066	965	4
4067	966	3
4068	966	9
4069	966	10
4070	966	9
4071	966	7
4072	967	8
4073	967	7
4074	967	2
4075	968	8
4076	968	7
4077	968	3
4078	968	10
4079	969	5
4080	969	2
4081	969	5
4082	969	1
4083	969	5
4084	969	6
4085	971	4
4086	971	2
4087	971	6
4088	973	10
4089	973	7
4090	973	6
4091	973	6
4092	973	5
4093	975	10
4094	975	1
4095	975	4
4096	975	6
4097	975	7
4098	975	4
4099	975	7
4100	977	2
4101	977	8
4102	977	2
4103	977	7
4104	977	2
4105	977	9
4106	977	3
4107	977	8
4108	980	9
4109	980	2
4110	980	5
4111	980	8
4112	981	2
4113	981	4
4114	981	3
4115	981	10
4116	982	2
4117	982	7
4118	982	3
4119	983	8
4120	984	1
4121	984	6
4122	984	8
4123	984	2
4124	985	7
4125	985	1
4126	985	3
4127	985	4
4128	985	10
4129	985	8
4130	985	8
4131	986	3
4132	986	3
4133	986	2
4134	986	2
4135	987	8
4136	987	5
4137	989	5
4138	991	5
4139	991	6
4140	992	5
4141	992	10
4142	992	3
4143	992	8
4144	992	6
4145	993	4
4146	993	10
4147	993	6
4148	993	8
